2.611054747139684107e+00 1.777989579346633126e-02 4.222511918212693352e-03 -5.090549314982057982e-01 -5.746026627260438467e-03 1.654797979286284915e-02 7.164998556364616383e-03 -1.351724329677996819e-03 -6.220279805283544274e-03 1.202990136422582429e-01 1.517252576293248332e-03 3.534324527436114027e-03 1.339993620867466317e+00 -4.723418053939186512e-03 8.863293900130622335e-03 -3.291880841126717527e+00 5.288609500259037859e-03 -3.589254139102097084e-03 3.320455483292973631e-02 -1.496056726902549039e-01 8.720036360497890326e-02 1.843814838382376586e-03 -1.026171867288635797e-01 -4.666803199749487707e-02 2.297344359716509826e-03 1.313005821719746315e-02 -2.788037862116509585e-02 4.796561740739744423e-02 -1.272553258192906656e-01 -2.136164792303284210e-02 -6.826067819282172384e-03 -2.641375002591869053e-02 -2.254384960084316464e-02 -1.511561513815446074e-02 -1.053717736629870144e-02 3.330917363192587022e-02 5.333304519445144533e-03 -1.059694222718263938e-04 -1.756195757164209260e-03 -2.547155783938746115e-03 -1.857042633250397749e-04 5.028280421265418805e-03 -5.555000226239711902e-03 -6.188448444143449922e-04 -3.814614030673289802e-02 1.988592723187675940e-03 -3.269953361085251899e-04 -2.067812839339092448e-02 -1.329921006858472698e-02 -3.022954180018133977e-04 1.387891361001158674e-01 4.848211935230097198e-03 -8.699197577316106417e-05 -7.118203363211515755e-02 3.334864913967478667e-02 1.488746913728392629e-01 8.886456564077849229e-02 1.788057508825329975e-03 1.025434084338835150e-01 -4.662119077390397548e-02 2.345237704188586365e-03 -1.325704986846180586e-02 -2.714876085868669214e-02 4.794722951909066028e-02 1.274667869917790741e-01 -2.313757632887941673e-02 -6.881479609107603139e-03 2.666805079703150200e-02 -2.579494670662141678e-02 -1.511205375774463990e-02 1.099211639937888382e-02 3.671957949618759320e-02
1.777989579346633126e-02 2.744635348741626402e+00 -5.291930575008634008e-02 -1.148453336696324267e-04 -5.425843311316685957e-01 -7.638949612888265225e-04 1.231800009699434741e-03 2.952672730201888474e-02 -5.660101258653947066e-03 1.500301496085707561e-03 1.281602315524499325e-01 -2.862186284035863476e-03 -3.856108227068769101e-02 1.282725870242297006e+00 -3.850117140517275889e-03 1.195201218370428933e-02 -3.272784600488630957e+00 1.685387391527637391e-02 -3.384110361753338292e-04 2.180890669168019519e-02 2.731515377443788709e-02 -3.217429654420787821e-02 -2.837335863533067826e-02 -8.669879076829571651e-02 7.616397392784659409e-03 -3.468070773881024547e-03 3.649889220356933306e-02 -1.314649260486287427e-02 -8.743865456482424747e-03 -3.503749114029594547e-02 -7.166107109254648416e-03 -4.176598068194303619e-03 7.701386813243515234e-03 5.608265973231916363e-03 -3.475471960795614886e-03 -3.573864061829524347e-02 -9.994007544890913270e-05 -2.443413452485594661e-02 1.566917239678159834e-03 -2.274867927025559650e-02 -3.572734362976122402e-03 3.880132744825549873e-03 -3.909757956105291976e-03 -3.528195195114205984e-02 3.431747244760043579e-03 -3.184291044377638401e-04 -1.839736127407401445e-02 1.446536572942620216e-03 6.558430738024085931e-03 -2.672658388661625084e-02 1.175381315739270965e-03 5.446674559935836719e-03 -3.135469842991913531e-02 2.577999687758136121e-03 8.800645636293477278e-03 2.226746433947981649e-03 -3.246117907723904128e-02 3.502916067898580177e-02 -3.406949651365657333e-02 8.125169804006572571e-02 -6.947409890792388514e-03 -3.492032796279910881e-03 -3.505171063781038071e-02 1.322342226241559823e-02 2.237460251939230472e-03 3.480999445496196776e-02 7.801416583336267564e-03 8.425799441112369814e-04 -4.170807508802196022e-03 -5.499375864990441176e-03 -3.292113538325013196e-03 3.777451266945870689e-02
4.222511918212693352e-03 -5.291930575008634008e-02 2.927937295638253090e+01 1.712178917595623753e-02 -3.017874433753814714e-02 -2.009615055841977305e-01 -5.362922024647049160e-03 -2.087210356922503118e-02 1.224545402008885286e+00 -1.970834746911190663e-02 -2.681464781930396023e-03 -7.687745437651871683e-01 -3.886836469774205497e-04 -5.408984459857382049e-02 2.448587014239273607e+00 3.202013110946163416e-05 1.300666759196860423e-01 -3.189168919264730917e+01 -9.703298200477314395e-02 -1.677126199193796074e-01 -3.107896021627096911e-02 -5.776905937641862998e-02 -1.309094792946866870e-01 -1.950959463575366315e-02 -3.470294463654106931e-02 3.826710218378522044e-02 -5.761031329372650472e-03 4.141489421720056380e-03 -1.831282202475240442e-02 4.361452395228337942e-02 -3.568795484940102264e-02 6.924682230264980407e-03 -2.390176867443696493e-02 2.904586533015780792e-02 -3.674533497203984200e-02 -7.388326794236649286e-03 -1.847178445447515021e-04 1.545647063959661605e-03 1.494607083118615343e-02 1.368888265464484992e-02 1.966145491834783710e-02 9.709440916375357278e-03 -3.186968983819149503e-03 1.212877169210282123e-02 -1.473789060105013156e-02 3.601818193460495574e-03 1.600843269914011945e-03 -1.500999410560107869e-02 -3.546238116612148491e-03 2.333016164720286278e-02 -5.948813583882630457e-03 2.969719942514151365e-03 2.043274065049032959e-02 8.566387318320529617e-03 -1.351559362491340788e-01 1.922070743635081180e-01 -3.215137137277272739e-02 -8.875369422675724596e-02 1.401471045040986463e-01 -1.680374050400270866e-02 -2.047774896451375060e-02 -3.525469343374518227e-02 -6.911322496488698369e-03 -5.960873471700886897e-03 2.512382637464166332e-02 3.802740589688933387e-02 1.095626596290413465e-03 1.038626592179110394e-03 -1.975990106170241387e-02 2.457923200323076235e-02 3.575860998479030162e-02 -5.717842549779125760e-03
-5.090549314982057982e-01 -1.148453336696324267e-04 1.712178917595623753e-02 4.402022048910323448e+00 -1.453167462735151794e-01 -1.172150460370140375e-02 -2.196162280538898948e+00 -1.082282716316953497e-01 1.628616397398592380e-03 1.324258099270123612e+00 -3.823311124878572137e-02 -3.855700289220493357e-04 -3.189920018197861529e-01 -1.438273074567759935e-01 -4.269976721589124370e-04 2.484429918175168339e-01 -3.451052421888024802e-02 -2.729452387311380457e-02 8.102875344195431540e-03 6.091573800075539974e-03 1.529869671125792252e-01 -2.775145115658982434e-02 3.621386944238430550e-02 -1.417626096919560874e-02 -1.806398274576891810e-02 -2.037638337107952266e-03 9.291519298526451642e-02 5.934359489270310192e-03 1.545101548577942907e-02 -1.673988025994568862e-01 -1.062665654061082168e-03 -1.975025761770155680e-03 5.509200250343330302e-02 9.579127797639418922e-04 1.327643094218427730e-02 7.964524875556490760e-04 -1.183129031070603160e-02 -2.228891970266819178e-02 1.368365242471425609e-02 -9.688859331011701048e-02 1.622567858090884496e-01 5.724403007053101983e-02 2.811008139948002749e-02 6.419991193148547048e-02 6.745973431888858604e-03 -1.406880067512294649e-02 6.457409931340684153e-03 -3.548338883619274377e-03 -1.235591385418557120e-01 1.216993412870033681e-01 -4.503782507039687591e-03 -6.543901634187781688e-03 2.220369453101449578e-02 -2.714234537082031024e-02 8.462660271851982219e-03 -4.153901035063197779e-03 -5.201990013241289401e-02 -2.676956321367893882e-02 -2.361669514060523584e-02 3.280084360301580015e-02 -1.749716766802558721e-02 9.724022021340148966e-03 1.356453923019062535e-01 6.048226770091331278e-03 -1.069591050196359340e-02 -1.693692170440200817e-01 -1.248646865239945404e-03 1.200415403805905196e-03 6.367907317596709083e-02 1.605932989327381322e-03 -1.317472901508536659e-02 -1.243008687049367705e-02
-5.746026627260438467e-03 -5.425843311316685957e-01 -3.017874433753814714e-02 -1.453167462735151794e-01 2.631837462616767986e+00 1.293172333893641279e-01 -1.561752041884728881e-01 -2.903755680671133987e+00 -1.933951735991466109e-02 -4.765622046363461421e-03 1.283058079989833455e+00 -5.414998629758693144e-02 -1.438268841480227767e-01 -5.227022400540209252e-02 -1.139434633669668753e-02 -9.211830041382387813e-02 1.667787414206563512e-01 -3.494007161380953408e-02 6.949772149384758624e-02 2.298990491510163534e-02 -2.996265460167225614e-01 7.539791976763629555e-02 8.510798302836465601e-02 1.993146475120580186e-01 -1.617807209909066443e-03 7.267579073251800165e-04 -1.683335378748215538e-01 5.043918361805994205e-02 2.492810522176082053e-02 -3.741050225571970755e-01 4.487416884928474396e-03 -4.136791639051109679e-03 2.111388694244942243e-01 5.433796480297310022e-03 2.247497864348963273e-03 -1.710761495949928226e-02 -1.926706918844725222e-04 -6.926432172116032959e-03 1.977845492786902901e-02 1.623004736813835613e-01 -1.738755514624901188e-02 1.893625896591049837e-02 1.103489487649892131e-01 2.593292507359319307e-02 3.262586910066288953e-02 -2.872624944015005218e-04 -2.732297674673507537e-02 2.334467994785936404e-02 1.217001835851564268e-01 -2.452262944412149717e-02 1.590621107999536099e-02 6.507022138278584222e-02 1.811784485273748926e-02 2.924939661172133026e-02 -6.394241526334702719e-02 -3.939559227042713219e-02 3.099329453031278714e-01 -6.906343809776417653e-02 1.548316645601987770e-02 -1.611262045037458179e-01 5.068435530822685761e-03 2.618820596668055070e-02 2.073691117283864849e-01 -4.451318744094341640e-02 -4.255073369419354323e-02 3.932987904620953712e-01 -2.054810338147825509e-03 -5.179917831570546825e-03 -2.017611701225036080e-01 -3.449503159235327212e-03 -8.021395626435542936e-03 2.599318105046941052e-02
1.654797979286284915e-02 -7.638949612888265225e-04 -2.009615055841977305e-01 -1.172150460370140375e-02 1.293172333893641279e-01 1.215047789837381487e+02 -1.188727462478800755e-02 8.167211391397954934e-02 -1.209869005934959887e+02 1.479289951240615464e-01 -4.454714198720332967e-03 2.450313105667926372e+00 -4.282204560321128863e-04 -1.139354462174182493e-02 -7.368525318573504457e-01 1.052909023942490835e-02 -4.737327808537929695e-03 -2.161163138646205795e+00 1.463373136996081181e-01 4.009132318375363546e-01 3.964804302051654072e-02 -3.577245865445941586e-01 3.198634887231189411e-02 -1.353108154364317250e-01 -1.191441679536845849e-01 3.292085570194921984e-02 -3.118635064617925057e-02 8.212938656479304433e-02 2.889355160489781582e-01 5.074723645188228272e-02 6.356144065442555224e-03 1.586058098098661884e-01 7.591375804571595665e-02 3.193624451051420010e-01 -3.743760269821000408e-02 4.354229988534110557e-02 3.908121073910065212e-03 4.062640654469130107e-03 8.155793103549111717e-03 5.728911279898411119e-02 1.893018903647210316e-02 6.893839210531885198e-02 -1.741331582053795568e-02 1.342227057841942871e-02 -3.912730149107580130e-02 1.201642246347799266e-02 5.155178940173575988e-04 -6.400866503587260281e-03 -4.503477006001926908e-03 1.590605603048619171e-02 7.193744285674250061e-02 -1.786512558713941731e-03 1.176717797523297616e-02 -3.176018058527925458e-02 1.263422370033834008e-01 -3.865084706997771735e-01 5.033552228732125766e-02 -4.363646623139100927e-02 -2.476346750744320632e-02 -1.177442354330668073e-01 -3.771774306330973742e-02 -2.464640233885976792e-02 -3.089508405287753195e-02 6.688672046412003080e-02 -2.985538490011849788e-01 4.003763698145511307e-02 2.632157772054951814e-02 -1.682754038106006045e-01 9.087095578554604813e-02 1.115721778717439217e-02 3.069640818171730234e-02 3.799916812193597504e-02
7.164998556364616383e-03 1.231800009699434741e-03 -5.362922024647049160e-03 -2.196162280538898948e+00 -1.561752041884728881e-01 -1.188727462478800755e-02 6.952834658586056094e+00 1.226151986223454615e-02 7.774936147408199882e-03 -3.310454969555054028e+00 1.160109829885117537e-02 1.046870641283636393e-05 2.484426666027540198e-01 -9.211950433167796770e-02 1.052552723527433280e-02 -1.961488488214083864e-02 -4.012434345200888153e-02 1.426998892648701639e-02 8.417576876514945225e-03 -1.271047354149078962e-03 -4.238672211232535902e-02 1.332007002313951617e-03 1.614842414580469621e-02 4.873097916412096747e-02 -1.798662890284142071e-02 3.518556027730142949e-02 3.494110148627473100e-02 -2.274067895013599447e-02 6.656204401214134425e-02 3.382888669842026852e-02 2.338449249953504765e-04 1.346833511302172881e-02 -5.069532219796128725e-02 1.015240386333081998e-03 8.053250329884523856e-03 -5.622669697062014291e-03 -1.212552954850532223e-02 -3.507786661811860239e-03 -3.202173927158932527e-03 2.760991256837089583e-02 1.103183379160172506e-01 -1.701035369330084618e-02 3.731453319204811742e-02 5.485857019681653068e-02 -3.957422311295794200e-03 3.626608275995441694e-03 5.323949183832919069e-03 2.970856668226044394e-03 -6.545692946753852923e-03 6.506966401036076708e-02 -1.787195809400924425e-03 -5.044577764791275190e-03 3.517683604659879032e-02 9.672945274465754445e-03 9.445938201681989763e-03 1.091380133938708516e-03 2.254667996743422720e-01 1.288915887987520607e-04 -1.205130452828922540e-02 -6.559189012568039656e-02 -1.802610919964382427e-02 -3.291117232608043591e-02 8.911138576094096431e-02 -2.252537134911519745e-02 -6.311595748877535383e-02 -3.920490882739759153e-02 -4.557231236611024631e-04 -1.124316130636202407e-02 -4.014076473332159334e-02 1.371160618950008608e-03 -6.958375000505257445e-03 5.880086109902489533e-05
-1.351724329677996819e-03 2.952672730201888474e-02 -2.087210356922503118e-02 -1.082282716316953497e-01 -2.903755680671133987e+00 8.167211391397954934e-02 1.226151986223454615e-02 6.653884277922800017e+00 1.544083470934501101e-01 5.323126409623832322e-03 -3.273007435416981803e+00 1.301231270267690365e-01 -3.451284550749812718e-02 1.667861249866246232e-01 -4.735342974237751260e-03 -4.012387192178965001e-02 9.536818154685877680e-03 -3.067613408992927657e-02 1.462253336750890531e-02 -4.716036391438497774e-03 -1.613151927370482519e-01 1.878377815001694429e-02 2.048188415883299418e-02 9.694934012159549253e-02 3.980843140739431102e-02 -3.492787660369513214e-02 -1.314566469528937465e-01 4.946302012446301966e-02 7.473828417157094006e-02 -2.728159175660366947e-02 2.114129704166771428e-02 1.800587142873564736e-02 -5.153107706651271352e-02 8.680151346649931515e-03 7.613557079451833964e-04 8.247368443855457310e-03 -6.168461109039576713e-04 -3.709492537030462112e-02 1.219048715984458360e-02 6.435782679305569742e-02 2.936899040992129242e-02 1.366952559985440060e-02 5.535702235135751825e-02 6.505965594849582624e-03 2.855071884578408090e-02 -1.106896656425489033e-04 -3.133529324357337692e-02 2.044328292911058373e-02 2.220599300742209098e-02 1.812042747347039282e-02 1.176812131547277235e-02 3.517654922509976662e-02 -2.945480249604261885e-02 2.161244094222754958e-02 -1.333590692147048826e-02 -5.337953276795486153e-03 1.663502754394691474e-01 -9.897133307357090098e-03 5.220589344514361789e-03 -8.098168246024636807e-02 -3.991162877120028873e-02 -2.744486443787127333e-02 1.522498148670140550e-01 -4.241108782878313943e-02 1.957509703604678325e-02 2.560058881233511635e-02 -1.841706640971538245e-02 7.985284161489155860e-03 7.172448952497953445e-02 -6.710440857418736513e-03 -2.798717857914505974e-03 1.965064187596569228e-03
-6.220279805283544274e-03 -5.660101258653947066e-03 1.224545402008885286e+00 1.628616397398592380e-03 -1.933951735991466109e-02 -1.209869005934959887e+02 7.774936147408199882e-03 1.544083470934501101e-01 1.548401404808001018e+02 -7.878591814899214840e-02 1.706833023350928791e-02 -3.189421583413488293e+01 -2.729519423618203405e-02 -3.494086128485551779e-02 -2.161206618682441238e+00 1.427293186548597194e-02 -3.067511161249059440e-02 -1.124231360218240106e+00 -6.960045633717071301e-02 -1.913989588021795529e-01 9.067392838529070298e-02 3.003824946246932970e-01 7.682457697021607967e-02 -7.922212012477183873e-02 9.470570369745590078e-02 -8.285913235277334032e-02 -1.956066469225514748e-02 -2.596442133498978039e-02 -1.724691385171468194e-01 -1.201992419414879276e-01 -2.082430626058875966e-02 -8.423838578744338723e-02 -6.860734774497644073e-02 -1.642439624833965106e-01 5.719541850146689019e-03 -2.390298883784110900e-02 2.092813468146412052e-03 3.413170180399184399e-03 -1.615861344081210432e-02 6.672132829247118778e-03 3.221690421840413265e-02 -6.817675298273774553e-02 -3.962016096141767786e-03 2.832854498677749369e-02 1.823972850162990100e-02 -4.186519584596931284e-03 2.441251008286076871e-03 8.379006886539714510e-03 -2.714245684493100941e-02 2.924880190671686614e-02 -3.178037560508124859e-02 9.671284960249073442e-03 2.161186237478395292e-02 2.374401828473165360e-02 -8.603451513362320169e-02 2.074203865740997799e-01 7.576561405732934462e-02 5.370314495834054014e-02 -4.754645526535010436e-02 -6.791519006263092850e-02 5.353960786088476226e-02 8.631230874741448178e-02 -1.603967514303056979e-02 -8.305895729119372461e-02 2.106483449118891904e-01 -1.353298199137845659e-01 -4.117547781992464406e-02 9.789676919972807589e-02 -7.924379815321391796e-02 1.601211620201503823e-03 -6.501665817165826547e-03 -1.976872352649064468e-02
1.202990136422582429e-01 1.500301496085707561e-03 -1.970834746911190663e-02 1.324258099270123612e+00 -4.765622046363461421e-03 1.479289951240615464e-01 -3.310454969555054028e+00 5.323126409623832322e-03 -7.878591814899214840e-02 2.605546143254706681e+00 1.697927848847288063e-02 -2.562141941166983308e-03 -5.147199551730479161e-01 -5.748357075973954504e-03 7.786740891137945882e-03 4.798748607288736909e-03 -1.350892950298550159e-03 -3.697709199551333509e-02 4.791056480524218814e-02 1.142739635675315141e-01 -1.706105473526793939e-02 -5.636333808195542056e-03 1.075379169823862703e-02 -2.148830122242269616e-02 -1.538022580372763216e-02 2.613141507170340522e-02 3.309009103531190821e-02 3.587652393858739575e-02 1.565360950825715469e-01 8.189420211654049875e-02 2.617347533933927356e-03 2.044184208733831887e-02 -4.919044524620920511e-02 2.368448752716158495e-03 -2.308514256384258233e-03 -2.737468816494553064e-02 1.242427360854719528e-03 -2.870793060696977782e-04 3.601093929767281050e-03 -1.406871525420335528e-02 -2.871350352852607645e-04 1.202258863866851116e-02 3.631295129214039304e-03 -1.256778368681503628e-04 -4.177046188247924424e-03 6.450162158935616140e-03 -1.043672597374793531e-04 2.916760822774463590e-03 -3.919474818765989951e-03 -1.875178690767345419e-04 1.623802525281646883e-02 -6.420299637729314640e-03 -6.173275210930239624e-04 -4.987592976832408258e-03 4.784910013376715565e-02 -1.140744817612368983e-01 -1.870934440360745923e-02 -5.705437588664662857e-03 -1.046503725135654317e-02 -2.493504374748053976e-02 -1.533684459899504852e-02 -2.592146564420507934e-02 3.714140217468415994e-02 3.587757129666561268e-02 -1.573058599328198137e-01 8.352263985309330008e-02 2.545877634284312782e-03 -2.050765309889187454e-02 -4.960502639650277851e-02 2.387608064895510671e-03 2.377930431005547979e-03 -2.706735565205715954e-02
1.517252576293248332e-03 1.281602315524499325e-01 -2.681464781930396023e-03 -3.823311124878572137e-02 1.283058079989833455e+00 -4.454714198720332967e-03 1.160109829885117537e-02 -3.273007435416981803e+00 1.706833023350928791e-02 1.697927848847288063e-02 2.742824586541287690e+00 -5.296259932955055955e-02 1.990462698312212009e-04 -5.424496197651131890e-01 1.138085927782140662e-04 1.460920974751471913e-03 2.951503940956694966e-02 -5.934179332892943609e-03 -1.304602097599555019e-02 -8.385214499943779293e-03 -3.366765055500825499e-02 -7.055856816851195298e-03 -3.859781044679685795e-03 8.360029740297722153e-03 5.634356589666945567e-03 -3.491709008657584157e-03 -3.574754579920278591e-02 -2.246401032153302890e-04 2.181895921131863508e-02 2.525818391604250576e-02 -3.199529010373951959e-02 -2.851764966780081026e-02 -8.764837383150474170e-02 7.598430015062752896e-03 -3.466469066837076039e-03 3.645840076392357909e-02 -3.277962219057987394e-04 -1.863599690480850779e-02 1.604134678168106206e-03 6.462287566426679584e-03 -2.733683751829520461e-02 5.161981438355637327e-04 5.364055533887256838e-03 -3.166382460230582341e-02 2.437244523776594014e-03 -1.040660959638033806e-04 -2.410543996834911551e-02 1.435906179594013303e-03 -2.273376012909140292e-02 -3.512188565316959332e-03 4.359607906749263934e-03 -3.848241550470276641e-03 -3.492153840029216944e-02 3.272203670712358486e-03 1.375663897376721255e-02 2.049579957023722580e-03 3.596227537793162538e-02 8.259305715696347444e-03 8.502667586845711343e-04 -3.277166923217841345e-03 -5.218590256681177562e-03 -3.496520014779243291e-03 3.928391129624646955e-02 9.481650248045501994e-03 2.352730141268317282e-03 -3.321972962570163973e-02 3.532641664605289805e-02 -3.394445024335233929e-02 8.140161858976117937e-02 -7.291374069307793651e-03 -3.302510828968512144e-03 -3.637044092301844334e-02
3.534324527436114027e-03 -2.862186284035863476e-03 -7.687745437651871683e-01 -3.855700289220493357e-04 -5.414998629758693144e-02 2.450313105667926372e+00 1.046870641283636393e-05 1.301231270267690365e-01 -3.189421583413488293e+01 -2.562141941166983308e-03 -5.296259932955055955e-02 2.928077495220386339e+01 1.713087584609721339e-02 -3.016246569038879069e-02 -1.986336770443793975e-01 -5.358639381496358052e-03 -2.088261654629006842e-02 1.225073153008101379e+00 4.203504540494151440e-03 -1.779448342225851964e-02 4.349657063125722534e-02 -3.518294162720247281e-02 8.110849709784258982e-03 -2.413480382042294120e-02 2.919349245178642915e-02 -3.700543637918476264e-02 -7.535454335449671970e-03 -9.614820527043295428e-02 -1.660151894023302599e-01 -3.113852294259701267e-02 -5.734798427805669341e-02 -1.300046296992048989e-01 -1.962936050351803130e-02 -3.466096183459567437e-02 3.816122222886307591e-02 -5.634676378765093863e-03 -4.366128849198659678e-04 1.478440485438775251e-03 -1.444300838443919946e-02 -3.547070709080675510e-03 2.334621031958373019e-02 -6.430472015282575129e-03 2.929377132002506517e-03 2.040333055096977058e-02 8.659659439027633798e-03 2.916845941932809036e-03 1.435951965163491427e-03 1.467823381814622324e-02 1.368934214314183710e-02 1.967497167254040474e-02 1.030951878473491956e-02 -3.198636600221403323e-03 1.210038793165878201e-02 -1.414765549215996239e-02 -6.070199074393298894e-03 2.458715504854276993e-02 3.794114708030513206e-02 1.374956855374542125e-03 -1.138055491343315656e-04 -2.035891819227222260e-02 2.442306874749676851e-02 3.620480368274227312e-02 -5.900116940598299289e-03 -1.345635167570562452e-01 1.905145471058615758e-01 -3.219549916057967698e-02 -8.834137136307668170e-02 1.392963201908805626e-01 -1.724689072509096727e-02 -2.049056308774955398e-02 -3.509442552162176515e-02 -7.308895560909555930e-03
1.339993620867466317e+00 -3.856108227068769101e-02 -3.886836469774205497e-04 -3.189920018197861529e-01 -1.438268841480227767e-01 -4.282204560321128863e-04 2.484426666027540198e-01 -3.451284550749812718e-02 -2.729519423618203405e-02 -5.147199551730479161e-01 1.990462698312212009e-04 1.713087584609721339e-02 4.402028829457131032e+00 -1.453175511697935851e-01 -1.172110000734934328e-02 -2.196148724379150874e+00 -1.082254289398869029e-01 1.626750437151245482e-03 5.931747141065162390e-03 1.545006434629080626e-02 -1.673985874009835673e-01 -1.062024149348899955e-03 -1.976328037630849244e-03 5.509065718929351957e-02 9.605710440087872988e-04 1.324877508413499147e-02 7.967204957028666684e-04 8.104291110899105449e-03 6.089996671341121014e-03 1.529930920865808508e-01 -2.775311794485336297e-02 3.620915120341534899e-02 -1.416753262420573922e-02 -1.795525460791427830e-02 -1.947693500962644972e-03 9.292618330822204065e-02 -1.146088091888936705e-02 6.804134057695350110e-03 -3.550202419242348001e-03 -1.235745623555208339e-01 1.216971862172990526e-01 -4.503724456136698473e-03 -6.081883398788653743e-03 2.223369182356244034e-02 -2.704407437396380218e-02 -3.923302950976486833e-03 -2.273340919527094134e-02 1.368924638312455505e-02 -9.692883295989931924e-02 1.622623020624779921e-01 5.724311596061657653e-02 2.761274981628123251e-02 6.435599239159152385e-02 6.703898601928479951e-03 5.010434739846365837e-03 -1.071646461228578998e-02 -1.693328073786034838e-01 -1.322224289562643710e-03 1.555225375418210765e-03 6.219814770871014142e-02 1.599223999335986669e-03 -1.390069226020811469e-02 -9.998130161245327024e-03 8.784776563189988785e-03 -4.024571467734253463e-03 -5.209061743172996306e-02 -2.653050139264154228e-02 -2.376113763804603776e-02 3.470396445752014364e-02 -1.865518531444819786e-02 1.356526145529008201e-02 1.272468929223838086e-01
-4.723418053939186512e-03 1.282725870242297006e+00 -5.408984459857382049e-02 -1.438273074567759935e-01 -5.227022400540209252e-02 -1.139354462174182493e-02 -9.211950433167796770e-02 1.667861249866246232e-01 -3.494086128485551779e-02 -5.748357075973954504e-03 -5.424496197651131890e-01 -3.016246569038879069e-02 -1.453175511697935851e-01 2.631845075432304615e+00 1.293248328953642834e-01 -1.561746806518635178e-01 -2.903727120830924768e+00 -1.933379931813136721e-02 5.042351719943170829e-02 2.492560630417627390e-02 -3.741108663974905268e-01 4.482324269116502724e-03 -4.135649327644279685e-03 2.111328606935231611e-01 5.415156982337238425e-03 2.246316593785123873e-03 -1.710612028399004225e-02 6.950981873070168071e-02 2.298954741554793541e-02 -2.996314987271941344e-01 7.540810330173784715e-02 8.509846778368546083e-02 1.993390510864127829e-01 -2.135962464514194400e-03 7.161216347586520092e-04 -1.683524683708307046e-01 -2.805110985657141825e-04 -2.815422496381409651e-02 2.331379042728380646e-02 1.217298955414871237e-01 -2.462419541849684285e-02 1.590439231193870734e-02 6.549046075880837758e-02 1.623260738931424710e-02 2.919810994725322711e-02 -1.863643646576474279e-04 -3.525434515428145510e-03 1.967561023730785355e-02 1.622625659456025937e-01 -1.717772424325507419e-02 1.894047177121912021e-02 1.103182738371905613e-01 2.956978917530941539e-02 3.222129876387182928e-02 -4.273835486489679925e-02 -4.261179942469549287e-02 3.932219386937302330e-01 -1.146180406192900611e-03 -5.260965354123170283e-03 -1.971199018699532901e-01 -3.154402441814890823e-03 -8.706955649716390661e-03 3.573392919598158968e-02 -6.442541442764973536e-02 -3.951020473542363187e-02 3.099923383840695879e-01 -7.217821676703538303e-02 1.544764667029645613e-02 -1.666884276271364818e-01 -9.789092841175940640e-04 2.911359980517038565e-02 1.928952213593968512e-01
8.863293900130622335e-03 -3.850117140517275889e-03 2.448587014239273607e+00 -4.269976721589124370e-04 -1.139434633669668753e-02 -7.368525318573504457e-01 1.052552723527433280e-02 -4.735342974237751260e-03 -2.161206618682441238e+00 7.786740891137945882e-03 1.138085927782140662e-04 -1.986336770443793975e-01 -1.172110000734934328e-02 1.293248328953642834e-01 1.215048084603932210e+02 -1.188862678297406515e-02 8.166691614110219155e-02 -1.209866022781415751e+02 8.212875297357155602e-02 2.889268469195439559e-01 5.074636397167039958e-02 6.360214081880651016e-03 1.586023480339103786e-01 7.591747845990245991e-02 3.193448566912022724e-01 -3.742633545903095715e-02 4.354871900757877057e-02 1.463351302343674221e-01 4.009087248280510107e-01 3.964857592720430479e-02 -3.576932573109249947e-01 3.198496041962775593e-02 -1.353114894580884076e-01 -1.188628414883759060e-01 3.288098374046989625e-02 -3.120117419251628582e-02 -8.596722089963603841e-04 9.387692119849368709e-04 -2.252081702790453832e-03 -4.493620884104632639e-03 1.591715804696279199e-02 7.193888923752070341e-02 -1.133104070214122723e-03 1.210822092905873559e-02 -5.223714874553904430e-02 1.623928294969990624e-02 4.360267262204785797e-03 1.030433218908640390e-02 5.724320347313908985e-02 1.894038741212816096e-02 6.893697185405475714e-02 -1.701373146680899145e-02 1.366910533759475854e-02 -6.820961591669225110e-02 6.688536461878914763e-02 -2.983825056821938215e-01 4.005968742098231505e-02 2.924942474496639716e-02 -1.675406295304372739e-01 9.094998314278424090e-02 9.690498812839298121e-03 3.116712064397281212e-02 3.873309880571325359e-02 1.260760200741124493e-01 -3.863077948604661804e-01 5.042226298883341340e-02 -4.342534476566307228e-02 -2.376039921412855666e-02 -1.202326637374768331e-01 -4.018999575861256085e-02 -2.451246060801038837e-02 -3.219720245498244870e-02
-3.291880841126717527e+00 1.195201218370428933e-02 3.202013110946163416e-05 2.484429918175168339e-01 -9.211830041382387813e-02 1.052909023942490835e-02 -1.961488488214083864e-02 -4.012387192178965001e-02 1.427293186548597194e-02 4.798748607288736909e-03 1.460920974751471913e-03 -5.358639381496358052e-03 -2.196148724379150874e+00 -1.561746806518635178e-01 -1.188862678297406515e-02 6.952837909048438014e+00 1.225605712438181116e-02 7.771013090985634184e-03 -2.274116657933799787e-02 6.655716067000097547e-02 3.382663897632289668e-02 2.332601360421349135e-04 1.346476626969313022e-02 -5.069781738893195527e-02 1.004951841533736597e-03 8.020716990237262631e-03 -5.601775345825451419e-03 8.418680602086930226e-03 -1.272034153211027210e-03 -4.238753263652631637e-02 1.333406169923607824e-03 1.614528732697366464e-02 4.873705182913865702e-02 -1.793896978217071961e-02 3.524162533741787007e-02 3.494451971581316596e-02 4.617237069688799600e-04 5.520379527237171194e-03 2.972022818989737518e-03 -6.554045297550856880e-03 6.506750296839591829e-02 -1.786160369440675279e-03 -5.053508116090510427e-03 3.512688194414353288e-02 9.703966882169056188e-03 -6.422259788949167755e-03 -3.849801600720411700e-03 -3.198412842348333316e-03 2.761210191049224064e-02 1.103172914138998845e-01 -1.701433379943710633e-02 3.700936477922678325e-02 5.500438857967585027e-02 -4.000559050241967590e-03 -2.282895242968650470e-02 -6.304950464342951033e-02 -3.922249195630428398e-02 -5.794780175542928961e-04 -1.113828948660148220e-02 -3.985936305243885369e-02 1.507396920594293761e-03 -7.950326422493809650e-03 1.459049919219745049e-03 9.723934919167754112e-03 1.149562377695337485e-03 2.254406258621564074e-01 2.136420776475986359e-04 -1.205299434755188748e-02 -6.442344023130877617e-02 -1.850591902996251426e-02 -3.109182624922153873e-02 8.297519180514845161e-02
5.288609500259037859e-03 -3.272784600488630957e+00 1.300666759196860423e-01 -3.451052421888024802e-02 1.667787414206563512e-01 -4.737327808537929695e-03 -4.012434345200888153e-02 9.536818154685877680e-03 -3.067511161249059440e-02 -1.350892950298550159e-03 2.951503940956694966e-02 -2.088261654629006842e-02 -1.082254289398869029e-01 -2.903727120830924768e+00 8.166691614110219155e-02 1.225605712438181116e-02 6.653930864227562303e+00 1.543961823717732995e-01 4.945270536587557941e-02 7.473094091398513328e-02 -2.727799882635588424e-02 2.113526008207585946e-02 1.800634605923856491e-02 -5.153472246264884787e-02 8.763281204621605619e-03 7.645114530584200437e-04 8.211179630790339107e-03 1.463021463536129038e-02 -4.715490461236489239e-03 -1.613199271146228408e-01 1.879018206514548178e-02 2.047830441377063507e-02 9.695679135582424557e-02 3.954177079650483817e-02 -3.492846554350445554e-02 -1.314616228370319162e-01 -1.055340229430058626e-04 -3.333222448780406161e-02 2.053826137828877740e-02 2.220912160966792559e-02 1.802967430027970636e-02 1.176632161409460128e-02 3.493221788461740862e-02 -3.078928569947808960e-02 2.139463844564062217e-02 -6.168957321011776492e-04 -3.493035640851178958e-02 1.210058991904558109e-02 6.435634277157807615e-02 2.957185053336761071e-02 1.366880716918574164e-02 5.500490671243714325e-02 9.184238255164969833e-03 2.832943650543180356e-02 -4.258029158081207827e-02 1.957886257195465274e-02 2.564445537275496581e-02 -1.708829833435911855e-02 8.031232029833839520e-03 7.289477356114275330e-02 -5.371559471018048926e-03 -3.894641861251861396e-03 9.843292660459723384e-03 -1.391646708970722263e-02 -5.391756967989994737e-03 1.663752352046166116e-01 -1.129830289939314468e-02 5.173104257411313169e-03 -8.440308447746421028e-02 -4.284393277354012902e-02 -2.583743443754541597e-02 1.398377595757981096e-01
-3.589254139102097084e-03 1.685387391527637391e-02 -3.189168919264730917e+01 -2.729452387311380457e-02 -3.494007161380953408e-02 -2.161163138646205795e+00 1.426998892648701639e-02 -3.067613408992927657e-02 -1.124231360218240106e+00 -3.697709199551333509e-02 -5.934179332892943609e-03 1.225073153008101379e+00 1.626750437151245482e-03 -1.933379931813136721e-02 -1.209866022781415751e+02 7.771013090985634184e-03 1.543961823717732995e-01 1.548401259179879332e+02 -2.599800454146008327e-02 -1.725322854214927648e-01 -1.202073754417724155e-01 -2.084201258376468247e-02 -8.427133671356998312e-02 -6.861026736075032106e-02 -1.642812011979099263e-01 5.710207155522979174e-03 -2.389724412111486618e-02 -6.960351171593311126e-02 -1.914271751700947211e-01 9.065693283236359035e-02 3.003637328113096805e-01 7.678669117694988944e-02 -7.922264369753996560e-02 9.479262599648013987e-02 -8.286903909858117645e-02 -1.956766076880253266e-02 -2.943945066492798359e-04 2.533568570975737108e-03 9.946734122391507130e-03 -2.714944890211584000e-02 2.925226032826321043e-02 -3.175519761464405677e-02 9.632083271964157409e-03 2.159105505550142426e-02 1.223218044733635768e-02 -4.987877403926086091e-03 3.271641307348252797e-03 -1.415692014849119496e-02 6.703854209982203043e-03 3.222041794778767593e-02 -6.821568000473282600e-02 -4.000329311914457321e-03 2.832875698783394666e-02 6.324920912734822986e-03 -8.336380981053016781e-02 2.107795484997100344e-01 -1.353160096651870037e-01 -4.026777807597604897e-02 9.840758576567582017e-02 -7.968015560356767057e-02 1.114619525586967030e-03 -6.610033898488937298e-03 -2.009003111306314343e-02 -8.608500694718589086e-02 2.074762263119653005e-01 7.575736223520279644e-02 5.366266617344687267e-02 -4.712049253436850771e-02 -6.860637566908475704e-02 5.241369606854429097e-02 8.714789388208342424e-02 -1.718722545707300139e-02
3.320455483292973631e-02 -3.384110361753338292e-04 -9.703298200477314395e-02 8.102875344195431540e-03 6.949772149384758624e-02 1.463373136996081181e-01 8.417576876514945225e-03 1.462253336750890531e-02 -6.960045633717071301e-02 4.791056480524218814e-02 -1.304602097599555019e-02 4.203504540494151440e-03 5.931747141065162390e-03 5.042351719943170829e-02 8.212875297357155602e-02 -2.274116657933799787e-02 4.945270536587557941e-02 -2.599800454146008327e-02 2.968695032580269455e+00 1.174918525462707170e-01 -3.570585159023605959e-01 -2.544058739321573448e+00 -4.918247901054013937e-02 2.365448735518113632e-01 -6.828959904476457343e-02 -1.847449773350073789e-03 1.338782887793888484e-03 -1.280250211335670629e-01 -1.547001953723945930e-02 -1.686076541545447269e-02 1.860446799860351330e-01 -6.350767567657789048e-03 1.020750339098959285e-02 -3.733858803408116045e-02 -4.535532945757975512e-03 -3.388124506472541594e-03 -1.646149624612799900e-02 1.296539157735129323e-02 -1.403405033719082318e-01 8.769969100051433139e-03 -6.432915050328727458e-02 1.260834800032056002e-01 9.461304888863531631e-03 -1.255294008475335912e-02 -7.758658339024229744e-02 4.790507796822000841e-02 1.364646735767519221e-02 -5.870858278697245469e-03 6.045105482281229112e-03 -4.450492802301504736e-02 6.688721883986240013e-02 -2.253063551863180788e-02 -4.240506835974798550e-02 -8.308948730472831556e-02 1.596543232544681695e-02 -6.493826365729444194e-04 -7.643230799987559693e-03 -4.504683894131501082e-02 -2.824796398634147904e-03 4.002998743730316715e-04 1.260902715078286551e+00 -3.190507496098945323e-02 -3.351615317364096264e-02 -1.367327383875461058e-02 -6.053421765495684004e-03 -1.333619654278550386e-02 -6.893054889548513864e-02 -6.063243587060010258e-03 6.698477900442469275e-04 -5.459189932188552863e-01 -2.171477866021890440e-02 1.242686888707243004e-03
-1.496056726902549039e-01 2.180890669168019519e-02 -1.677126199193796074e-01 6.091573800075539974e-03 2.298990491510163534e-02 4.009132318375363546e-01 -1.271047354149078962e-03 -4.716036391438497774e-03 -1.913989588021795529e-01 1.142739635675315141e-01 -8.385214499943779293e-03 -1.779448342225851964e-02 1.545006434629080626e-02 2.492560630417627390e-02 2.889268469195439559e-01 6.655716067000097547e-02 7.473094091398513328e-02 -1.725322854214927648e-01 1.174918525462707170e-01 2.896011611024309484e+00 1.321850175133961747e-01 -9.387996542657059407e-02 -2.883021144010185388e+00 -1.706299019696230421e-02 -1.125826016563363924e-01 -2.736089202316024926e-02 2.328415350525430902e-02 -1.546661175235067125e-02 -5.962687774728156476e-02 -2.443757600405793706e-02 -1.138037797285371133e-01 1.650091108993991806e-01 -4.192850936536812040e-02 -6.741223829827536207e-02 -1.911839413147122663e-03 1.964983735844741050e-02 -1.034232033394672130e-02 1.358773832050243560e-03 1.973937643981805434e-01 -3.985665374583206681e-03 -3.955994166575753368e-02 -3.863486168557326850e-01 6.387293612634091511e-04 -5.619118940596915662e-03 1.798132556074129584e-01 -1.140776317571175341e-01 2.044825518387953771e-03 2.448306770423007081e-02 -1.069590713195892051e-02 -4.254827249702422542e-02 -2.985556731663701058e-01 -6.311690197644453937e-02 1.957431360794755285e-02 2.107043036294851124e-01 -7.583438123669659870e-04 -3.267275182961518892e-02 2.519419107153900508e-02 6.868284562536169924e-02 2.314752779671009481e-02 3.600024663883370085e-02 1.132418281993005510e-01 1.286989465413497236e+00 -5.317369128853393495e-02 -6.053918152407584963e-03 -1.657186635169720368e-02 1.044280661105115131e-02 8.950554184661026202e-02 2.044612404626357585e-02 2.619190389763948607e-02 6.343769240200630710e-02 -5.445587132850069345e-01 -2.906806214663045299e-02
8.720036360497890326e-02 2.731515377443788709e-02 -3.107896021627096911e-02 1.529869671125792252e-01 -2.996265460167225614e-01 3.964804302051654072e-02 -4.238672211232535902e-02 -1.613151927370482519e-01 9.067392838529070298e-02 -1.706105473526793939e-02 -3.366765055500825499e-02 4.349657063125722534e-02 -1.673985874009835673e-01 -3.741108663974905268e-01 5.074636397167039958e-02 3.382663897632289668e-02 -2.727799882635588424e-02 -1.202073754417724155e-01 -3.570585159023605959e-01 1.321850175133961747e-01 1.214558348859358006e+02 -8.943526416914885247e-04 7.870254993642948615e-02 -1.209793489187788254e+02 -1.366207740143632679e-02 2.700091403827227683e-03 -6.021435105631469178e-03 -1.686172812519607170e-02 -2.443374667167051012e-02 -7.374751799572889510e-01 -2.394606939611765989e-02 -4.001068952640302566e-03 -2.159729239527295341e+00 -2.899841332764114231e-03 1.349070037960279191e-03 9.855504700776885479e-03 1.756997827421003314e-02 -3.298331409067494641e-02 -2.940330286409172100e-02 -5.208701604312840350e-02 3.100055511751724779e-01 5.043220494239743223e-02 2.251145664743530728e-01 1.657122968972268851e-01 7.313396613694805870e-02 -1.869325391388304211e-02 3.596520492500517030e-02 3.796420361546278682e-02 -1.693706419379591710e-01 3.932984294946383352e-01 4.003487807189155812e-02 -3.919246345389516828e-02 2.559653917513814853e-02 -1.353372008612384048e-01 -7.485143194022224160e-03 2.537838407550763176e-02 6.850482789143753914e-02 -7.695321816589208337e-03 1.196893536124286894e-02 -6.582240856468568602e-02 -1.600198877515116372e-02 -2.238016928299805738e-03 2.472067314311118480e+00 -1.333546288360487261e-02 1.044330639497093385e-02 7.202860909966471437e-02 -3.102397708664823145e-02 1.407429664426147753e-02 -3.187936271469920396e-02 -1.796505495875626909e-03 -3.081420023382690828e-03 -1.992851029723544110e-01
