       59.359235463760996    -0.0003220488468453164    0.00018195126370241645       -15.006195424581465        -9.959956491059081       -0.2480373947587118        -2.830726591634825       -2.6501566163555053      -0.10356276555662419       0.37136302852783687     6.539207570392733e-06    1.7441490806646484e-06       -2.8307565080425836        2.6501672168896473       0.10358782203475261       -15.006302039809901         9.960145109306843       0.24803030365499665        0.9208018855999696        1.4277262926553922       -0.0725012290618616       -0.5071333938761159       0.05824579894496007     -0.011886327485453223        0.0633869501331292    3.8582252371626886e-08     2.939796786796028e-06       -0.5071319476823165     -0.058246139209104625      0.011881895936488016         0.920811196736085       -1.4277260238609548       0.07249033149756075
   -0.0003220488468453164         61.14276178294623         4.498560828822246         -5.34519916829503        -24.59627719817466       -1.1103573142360603        -6.264664083062046         2.628015998698704      0.020556352840115658    -1.305433418700903e-05        -5.518554031301912       -0.2611965553033017         6.264723420006494          2.62798701948235      0.020614266059603877         5.345612682501695        -24.59679447278812       -1.1104778575932885       -1.2391336892309868       -1.8486672495132195       -0.1758521485849661       0.12484913989658845       0.19392329839836123      -0.03142298172894399     5.186536730252279e-07      -0.13071046299405836      0.014648601207180192       -0.1248478161409333        0.1939281742838934      -0.03141829334461614        1.2391215137541496       -1.8486800954100806      -0.17588813785371243
   0.00018195126370241645         4.498560828822246        15.662780158755968      -0.19593657493414302       -1.2786793208090161        -6.180397782365044       -0.4531512118395414        0.1942081089432113        0.6321903102681454   -5.0117870737159995e-06      -0.35916960072453624       -0.6696240811622004       0.45322976489365624       0.19427102756094874        0.6322073325537774       0.19577020453898197       -1.2786844033646072         -6.18033576358866      -0.03909939464542268      -0.08912880311676183        0.2983858840879513      0.026489540730261343     -0.030846663818795767        0.6969222763396369    -2.457305077248266e-07     -0.006557257949044709      -0.09562658858813972     -0.026469624884800966       -0.0308952672061487         0.696918682210629       0.03913365739396791      -0.08918635103764797        0.2983905153819353
      -15.006195424581465         -5.34519916829503      -0.19593657493414302         64.58566688149709       -3.1572879507161784      0.023664850621515344        -32.12341605400221       -2.7501455241220327       -0.1266138447598701       -2.7892633827578974         6.493075794378888        0.3493795538378674        -4.073029020209671        -2.401218216984911      -0.11762197730390635         4.997476591468054       -1.5896907008238506      -0.06547306928899016       -11.408809635728677        11.087379019056009       0.28973527670232574       -1.0681121938261775       0.21564968851757363      0.025293942646544505       0.06775480378603078       0.21070486532733154      0.006800533714351116      -0.07624045865999382      -0.08533701025390593      0.006467998548847658      -0.09808066770503193         0.391186901281285     -0.006869093807335758
       -9.959956491059081        -24.59627719817466       -1.2786793208090161       -3.1572879507161784         64.58818092520818        2.5003005161575986        2.6403216260544733       -11.243502018764376      -0.24168329698855048         2.740819574714056        2.5434692079665946       0.06847675742204212       -2.2059206827441655        -1.311667026681672      -0.04019433820922799        1.5897003376283931        -5.201565742833431       -0.2888410666104419        11.135200875905076       -24.790770486539852       -0.6275962553146711         -2.67834248602065       0.24729798419372084      0.022258478958259043       0.30765166669481114      -0.41209795131158933       -0.0801343220816433       -0.0865906141202197      0.025294362637852615      0.008429521683120517       0.30189700387809776       -0.2869678034882044      -0.06395275345410156
      -0.2480373947587118       -1.1103573142360603        -6.180397782365044      0.023664850621515344        2.5003005161575986          12.3816469126941       0.25687039328233985      -0.29974243329610795        -5.719779553292986       0.10346061365925655       0.15628545340585973        0.7586160090618163       -0.1359233468764175      -0.07039968743512733       -0.5760222502777553        0.0654928097737104      -0.28879717194618776        0.7416255132377673       0.27630170038359614       -0.7433317553811652        -3.299739042772877      -0.13042955586517585     -0.002856374269192083        0.3011419574566413      0.015095586139691135      -0.06382691238385882        0.6560620501963745     -0.005024452972778944      0.007464923374699036      -0.10157129348541218       0.01344031867410893      -0.05042762315893338        0.5984973767823557
       -2.830726591634825        -6.264664083062046       -0.4531512118395414        -32.12341605400221        2.6403216260544733       0.25687039328233985         63.64551474570095         2.606505331912421      0.016735911489276393       -16.404875675694928         6.091902588516759        0.4636690947422462        5.2747739167159535        1.8565098275979732       0.08674542358498075        -4.073023120375996        2.2059034039226595       0.13593951355101808       -1.0595498162213794      -0.23101946035914828      0.035319866667722924       -11.577837730943669       -11.172183434488119       -0.6143228461693505        -1.107040309609508        2.6168318019252084       0.17693235811432437      -0.06935429825670587       -0.3911910106470874     -0.052546705818886714      -0.06178419254354503       0.08278551977671131       0.03504063964644278
      -2.6501566163555053         2.628015998698704        0.1942081089432113       -2.7501455241220327       -11.243502018764376      -0.29974243329610795         2.606505331912421         66.50845344090051        3.0404218018170046        11.519383273354414       -26.352801705576773       -1.2912710829720375       -1.8565254915212328        -5.412657206031411      -0.36983456173829093        2.4012392986313227       -1.3116578464323547      -0.07040669597557232        2.6669700698656893        0.2703372812366912     -0.022291809041360404       -11.162890406119699       -24.814806550235673       -1.0791070595777528       -0.2906952729025999          0.36658336796677      0.009281637634665604      -0.29739419819096624       -0.2931051243720899      -0.04770464837983058       0.06917814066168292      0.014712138061749968     -0.002171265939320601
     -0.10356276555662419      0.020556352840115658        0.6321903102681454       -0.1266138447598701      -0.24168329698855048        -5.719779553292986      0.016735911489276393        3.0404218018170046         12.47836120931139        0.7209530562905347       -1.2532230310280996        -5.891553164059644      -0.08690004001745869       -0.3698538987441734         0.729829138097709       0.11764537661925649      -0.04021128382896606       -0.5760198357935532       0.12901544085969024     -0.010349086546754267        0.2960154430367446       -0.5880597797012623       -1.1145319098355082        -3.397286499194295       -0.0178194382023331    -0.0011619552138683862         0.276622687354196      -0.02303572014072468      -0.05210337196335758         0.664571433297916      0.006305623360117479      0.009965866260709026      -0.10678783211679646
      0.37136302852783687    -1.305433418700903e-05   -5.0117870737159995e-06       -2.7892633827578974         2.740819574714056       0.10346061365925655       -16.404875675694928        11.519383273354414        0.7209530562905347          68.4742567221281    0.00020100273827583032   -0.00015522975962718995        -16.40497837015093       -11.519545528363722        -0.720916853279496       -2.7892915501020954        -2.740813707315951      -0.10347230569948705       -0.5159995151744724      -0.03904013643450797       0.00826489135462072         1.012994630378365       -1.5012433692158993      -0.07801190568729316       -31.362450891404116   -3.3223020910279466e-05    0.00011131563525947652         1.012991895309545        1.5012459421253637       0.07803071360991976       -0.5159993111583555       0.03903747255065511     -0.008253525535603806
    6.539207570392733e-06        -5.518554031301912      -0.35916960072453624         6.493075794378888        2.5434692079665946       0.15628545340585973         6.091902588516759       -26.352801705576773       -1.2532230310280996    0.00020100273827583032        61.411733057486366         3.058827479269419        -6.092206125007527       -26.353054174227747        -1.253615478331794        -6.493113650129672        2.5434611762313377       0.15631977417091955      -0.13875024484470244       0.18543782945953322     0.0071725812350112335        1.4060119279551053         -1.75085260700777       -0.1706680872407728    -3.070307306165292e-05        -5.224453024901094       -0.1094030478039848       -1.4060243134275963       -1.7509200512052043      -0.17060432088586788       0.13874724297462404       0.18544054573552213     0.0071922980473025505
   1.7441490806646484e-06       -0.2611965553033017       -0.6696240811622004        0.3493795538378674       0.06847675742204212        0.7586160090618163        0.4636690947422462       -1.2912710829720375        -5.891553164059644   -0.00015522975962718995         3.058827479269419        12.325777606913638      -0.46353880990204327       -1.2913848939826171        -5.891548858974845      -0.34935593926827735       0.06852351575400345         0.758637953199531     -0.003928649806815444     -0.018480527869958796        0.6957136001536954       0.07706643905073035       -0.1050896754235705        0.2904334420636714    0.00011383045779044486      -0.11336479563090764        -3.264855234287527       -0.0771393451283493      -0.10522142014790586        0.2904516617137267      0.003932164920509375     -0.018493969442627295        0.6957149845589429
      -2.8307565080425836         6.264723420006494       0.45322976489365624        -4.073029020209671       -2.2059206827441655       -0.1359233468764175        5.2747739167159535       -1.8565254915212328      -0.08690004001745869        -16.40497837015093        -6.092206125007527      -0.46353880990204327         63.64718368652283       -2.6060989289588408     -0.017997945131895725       -32.124689364411466       -2.6403364328923575       -0.2567306343068939      -0.06178326400682929      -0.08278807816444238      -0.03503555219918725      -0.06935500939453093        0.3911935734482865       0.05255412215353816       -1.1070283711786129       -2.6168122830071265       -0.1768744038696439       -11.577946429819521         11.17208441975761         0.615319700664454       -1.0595837930910952       0.23100018589024487     -0.035356620178280104
       2.6501672168896473          2.62798701948235       0.19427102756094874        -2.401218216984911        -1.311667026681672      -0.07039968743512733        1.8565098275979732        -5.412657206031411       -0.3698538987441734       -11.519545528363722       -26.353054174227747       -1.2913848939826171       -2.6060989289588408         66.50809839475815         3.042397909456301         2.750128724953809       -11.243335931934734      -0.29991460965836936       -0.0691786232957624      0.014712464373640877    -0.0021633454727294915       0.29739146411873546       -0.2931019952232896      -0.04770372596502204       0.29070321258913223        0.3665928738649567      0.009296264864152368        11.162824091485327        -24.81430460794562       -1.0808495412994163       -2.6670021919398925       0.27030870374675836      -0.02231884993258532
      0.10358782203475261      0.020614266059603877        0.6322073325537774      -0.11762197730390635      -0.04019433820922799       -0.5760222502777553       0.08674542358498075      -0.36983456173829093         0.729829138097709        -0.720916853279496        -1.253615478331794        -5.891548858974845     -0.017997945131895725         3.042397909456301        12.478456257327391       0.12698335323502447      -0.24189691568936492        -5.719677895300894     -0.006302248196069603      0.009964408250205194      -0.10678857429126737      0.023073951451206654      -0.05207504860375863        0.6645742742899681      0.017834549062488894     -0.001097829374877718         0.276614013893019        0.5889553886713452       -1.1160751997880036       -3.3975063868537974      -0.12908378554696331      -0.01034712283824149        0.2960251529510481
      -15.006302039809901         5.345612682501695       0.19577020453898197         4.997476591468054        1.5897003376283931        0.0654928097737104        -4.073023120375996        2.4012392986313227       0.11764537661925649       -2.7892915501020954        -6.493113650129672      -0.34935593926827735       -32.124689364411466         2.750128724953809       0.12698335323502447         64.58685845721766        3.1565265030945993      -0.02359866338288876      -0.09808217184339468           -0.391183870083      0.006875125451999877      -0.07624240670781376       0.08533467026165509     -0.006477177280923861        0.0677560556448688      -0.21070128244554856     -0.006811406363913362        -1.068113225723466      -0.21565032177904428     -0.025346446543005288       -11.408606373318328       -11.086995786099038      -0.28997608647798884
        9.960145109306843        -24.59679447278812       -1.2786844033646072       -1.5896907008238506        -5.201565742833431      -0.28879717194618776        2.2059034039226595       -1.3116578464323547      -0.04021128382896606        -2.740813707315951        2.5434611762313377       0.06852351575400345       -2.6403364328923575       -11.243335931934734      -0.24189691568936492        3.1565265030945993         64.58807625611398        2.5010223869773704        -0.301893554112204      -0.28697287983060504      -0.06396020609308643        0.0865918629892891        0.0252971724508888       0.00842005322822669      -0.30765096210600307       -0.4120928148890762        -0.080140774856575         2.678324818338833        0.2473014853551611       0.02223982977810992       -11.134764311882323        -24.79033825526133       -0.6281004719644425
      0.24803030365499665       -1.1104778575932885         -6.18033576358866      -0.06547306928899016       -0.2888410666104419        0.7416255132377673       0.13593951355101808      -0.07040669597557232       -0.5760198357935532      -0.10347230569948705       0.15631977417091955         0.758637953199531       -0.2567306343068939      -0.29991460965836936        -5.719677895300894      -0.02359866338288876        2.5010223869773704        12.381594337583183     -0.013448434472250793      -0.05042350695937408        0.5984931096706654      0.005020282672644369     0.0074569715867222365      -0.10157182068128129      -0.01509323134096705      -0.06383575099416042        0.6560629397237282       0.13056860374006438     -0.002859607632784748        0.3011370565140005       -0.2765462010998229       -0.7437893363384548        -3.299872018854779
       0.9208018855999696       -1.2391336892309868      -0.03909939464542268       -11.408809635728675        11.135200875905076       0.27630170038359614       -1.0595498162213792        2.6669700698656893       0.12901544085969024       -0.5159995151744725      -0.13875024484470244     -0.003928649806815444      -0.06178326400682929       -0.0691786232957624     -0.006302248196069603      -0.09808217184339468       -0.3018935541122039     -0.013448434472250791        12.235048315463267       -12.046475599211755      -0.43987870726442496       0.09854240586659603     -0.029026679366657076    0.00023031683749335092      -0.06401388148046555       0.13193193553759952      0.004828075242288641      0.004771224955713046      0.009194661701300453   -0.00011887906573267806      0.044482571287976856       -0.0810800088383924     0.0004188790419716123
       1.4277262926553922       -1.8486672495132197      -0.08912880311676183        11.087379019056009       -24.790770486539852       -0.7433317553811652       -0.2310194603591483       0.27033728123669126     -0.010349086546754267      -0.03904013643450797       0.18543782945953322       -0.0184805278699588      -0.08278807816444238      0.014712464373640878      0.009964408250205194      -0.39118387008299993      -0.28697287983060504      -0.05042350695937408       -12.046475599211755        26.461657703821253        0.8569967777945745      0.030471949801409992       0.07869203028459953       0.01800675043647582     -0.020500303539412047    0.00017693928125243094     0.0023646458478390046      0.010400793161219786    -0.0027088901407824905      0.006155551901404211       0.08107958258342793       -0.1047961450113427     -0.011767021366487515
      -0.0725012290618616      -0.17585214858496606        0.2983858840879513       0.28973527670232574       -0.6275962553146711       -3.2997390427728766      0.035319866667722924     -0.022291809041360404        0.2960154430367446      0.008264891354620722      0.007172581235011234        0.6957136001536955      -0.03503555219918725    -0.0021633454727294915      -0.10678857429126735      0.006875125451999877      -0.06396020609308643        0.5984931096706654      -0.43987870726442496        0.8569967777945745        2.3313895248859695      0.002444916401015731      0.026008562015414807      -0.38855701278457444    0.00045303627312494907    -0.0009629393716006029      0.022411850629726376     0.0014556109223846127     0.0054191021050150525      -0.10580883450324997   -0.00042212633354133137     -0.011765585998778402      0.025126372532762304
      -0.5071333938761159       0.12484913989658845      0.026489540730261343       -1.0681121938261775       -2.6783424860206506      -0.13042955586517585       -11.577837730943669       -11.162890406119699       -0.5880597797012623         1.012994630378365        1.4060119279551055       0.07706643905073035      -0.06935500939453093       0.29739146411873546      0.023073951451206658      -0.07624240670781376        0.0865918629892891      0.005020282672644369       0.09854240586659603      0.030471949801409992      0.002444916401015731        12.174912745029433        12.058923157519027        0.6119291184282624       0.07719975298028522      -0.04829744359394095     -0.005252103287504575       0.03508125746795395         0.078298427522742      0.005826809142534576      0.004771403953927446     -0.010400743751113599    -0.0014597489569120278
      0.05824579894496008       0.19392329839836123     -0.030846663818795767       0.21564968851757363       0.24729798419372082    -0.0028563742691920836       -11.172183434488119       -24.814806550235673       -1.1145319098355082       -1.5012433692158993       -1.7508526070077697       -0.1050896754235705        0.3911935734482865      -0.29310199522328956      -0.05207504860375863       0.08533467026165509        0.0252971724508888      0.007456971586722236     -0.029026679366657076       0.07869203028459953      0.026008562015414807        12.058923157519027         26.44351463849067         1.259524250063127       0.02226665569194593       0.09207204918686886      0.022928097358930248       -0.0782987757031397       -0.1000539002377355     -0.008829635798152767     -0.009194838967274067     -0.002708540021924877      0.005412711208859717
    -0.011886327485453225      -0.03142298172894399         0.696922276339637       0.02529394264654451       0.02225847895825904        0.3011419574566413       -0.6143228461693506       -1.0791070595777528        -3.397286499194295      -0.07801190568729316       -0.1706680872407728        0.2904334420636714       0.05255412215353816      -0.04770372596502203         0.664574274289968     -0.006477177280923861       0.00842005322822669      -0.10157182068128129    0.00023031683749335092       0.01800675043647582      -0.38855701278457444        0.6119291184282624         1.259524250063127         2.385121180055169      0.002549839792599428      0.027486093537563264      -0.36575071566799694     -0.005816269818407117     -0.008827181831618527       0.01873114985860366    0.00011987832120237545      0.006158258733849162      -0.10581053275912004
       0.0633869501331292     5.186536730252279e-07    -2.457305077248266e-07       0.06775480378603077       0.30765166669481114      0.015095586139691133        -1.107040309609508      -0.29069527290259983       -0.0178194382023331       -31.362450891404116    -3.070307306165291e-05    0.00011383045779044486       -1.1070283711786129        0.2907032125891322       0.01783454906248889       0.06775605564486879       -0.3076509621060031      -0.01509323134096705      -0.06401388148046555     -0.020500303539412047    0.00045303627312494907       0.07719975298028522       0.02226665569194593      0.002549839792599428         33.49605600384654    2.2256159550106605e-05    -0.0001249205029316521       0.07719915387243674      -0.02226675904897941     -0.002553103622944257      -0.06401377437024372      0.020499850104764787   -0.00045286036819766417
   3.8582252371626886e-08      -0.13071046299405836     -0.006557257949044709       0.21070486532733154      -0.41209795131158933      -0.06382691238385882         2.616831801925209          0.36658336796677     -0.001161955213868386   -3.3223020910279466e-05        -5.224453024901094      -0.11336479563090764       -2.6168122830071265        0.3665928738649567    -0.0010978293748777179      -0.21070128244554856       -0.4120928148890762      -0.06383575099416042       0.13193193553759952    0.00017693928125243094    -0.0009629393716006029      -0.04829744359394095       0.09207204918686886      0.027486093537563264    2.2256159550106605e-05         5.270772184506304       0.18610149635159656       0.04829513035134853       0.09207334791377512      0.027489832785515787      -0.13193101806864113    0.00017536855129915557    -0.0009628577088207614
    2.939796786796028e-06      0.014648601207180192      -0.09562658858813972      0.006800533714351116       -0.0801343220816433        0.6560620501963746       0.17693235811432437      0.009281637634665602         0.276622687354196    0.00011131563525947655       -0.1094030478039848        -3.264855234287527       -0.1768744038696439      0.009296264864152366         0.276614013893019     -0.006811406363913362        -0.080140774856575        0.6560629397237282      0.004828075242288641     0.0023646458478390046      0.022411850629726376     -0.005252103287504575      0.022928097358930248      -0.36575071566799694    -0.0001249205029316521       0.18610149635159656         2.296805115483819      0.005228485297991041      0.022955597712480166       -0.3657523353131305     -0.004826606920760793      0.002363092275318262       0.02241245023250079
      -0.5071319476823165      -0.12484781614093328     -0.026469624884800966      -0.07624045865999383       -0.0865906141202197     -0.005024452972778944      -0.06935429825670587      -0.29739419819096624     -0.023035720140724684        1.0129918953095447       -1.4060243134275963       -0.0771393451283493       -11.577946429819523        11.162824091485327        0.5889553886713453        -1.068113225723466        2.6783248183388326       0.13056860374006438      0.004771224955713046      0.010400793161219786     0.0014556109223846127       0.03508125746795395       -0.0782987757031397     -0.005816269818407117       0.07719915387243674       0.04829513035134853      0.005228485297991041        12.175022729822368       -12.058826604521132        -0.612908753136544        0.0985435631684154     -0.030467200780811582    -0.0024598694746621403
     -0.05824613920910462       0.19392817428389342       -0.0308952672061487      -0.08533701025390593      0.025294362637852615      0.007464923374699035      -0.39119101064708744       -0.2931051243720899      -0.05210337196335758        1.5012459421253634       -1.7509200512052043      -0.10522142014790585         11.17208441975761        -24.81430460794562       -1.1160751997880036      -0.21565032177904428       0.24730148535516108    -0.0028596076327847475      0.009194661701300453    -0.0027088901407824905     0.0054191021050150525         0.078298427522742       -0.1000539002377355     -0.008827181831618527      -0.02226675904897941       0.09207334791377512      0.022955597712480166       -12.058826604521132        26.443077359463352         1.261211920457234      0.029026469311840036       0.07869280744205437      0.026043450210935383
     0.011881895936488014      -0.03141829334461614         0.696918682210629      0.006467998548847658      0.008429521683120517      -0.10157129348541218     -0.052546705818886714      -0.04770464837983058        0.6645714332979161       0.07803071360991976      -0.17060432088586786        0.2904516617137267        0.6153197006644541       -1.0808495412994163       -3.3975063868537974     -0.025346446543005285       0.02223982977810992        0.3011370565140006   -0.00011887906573267806      0.006155551901404211      -0.10580883450324997      0.005826809142534576     -0.008829635798152767       0.01873114985860366     -0.002553103622944257      0.027489832785515787       -0.3657523353131305        -0.612908753136544         1.261211920457234         2.385342224743912    -0.0002302929160729933       0.01801798265691709       -0.3885599875781712
        0.920811196736085        1.2391215137541498       0.03913365739396791      -0.09808066770503192       0.30189700387809776       0.01344031867410893      -0.06178419254354503       0.06917814066168292      0.006305623360117479       -0.5159993111583555         0.138747242974624     0.0039321649205093755       -1.0595837930910952       -2.6670021919398925       -0.1290837855469633        -11.40860637331833       -11.134764311882323      -0.27654620109982286      0.044482571287976856       0.08107958258342793   -0.00042212633354133137      0.004771403953927446     -0.009194838967274067    0.00011987832120237545      -0.06401377437024372      -0.13193101806864113     -0.004826606920760793        0.0985435631684154      0.029026469311840036    -0.0002302929160729933         12.23484684707509        12.046104204395412        0.4401608894119543
       -1.427726023860955       -1.8486800954100804      -0.08918635103764797         0.391186901281285       -0.2869678034882044      -0.05042762315893338       0.08278551977671131      0.014712138061749968      0.009965866260709026        0.0390374725506551       0.18544054573552213     -0.018493969442627295       0.23100018589024485       0.27030870374675836     -0.010347122838241492       -11.086995786099038       -24.790338255261332       -0.7437893363384547       -0.0810800088383924       -0.1047961450113427     -0.011765585998778402     -0.010400743751113599     -0.002708540021924877      0.006158258733849162      0.020499850104764787    0.00017536855129915557      0.002363092275318262     -0.030467200780811582       0.07869280744205437       0.01801798265691709        12.046104204395412         26.46125215338226        0.8575047286164421
      0.07249033149756073      -0.17588813785371243        0.2983905153819353     -0.006869093807335758      -0.06395275345410158        0.5984973767823558       0.03504063964644277     -0.002171265939320601      -0.10678783211679646     -0.008253525535603804     0.0071922980473025505         0.695714984558943     -0.035356620178280104      -0.02231884993258532        0.2960251529510481      -0.28997608647798884       -0.6281004719644425        -3.299872018854779     0.0004188790419716123     -0.011767021366487515      0.025126372532762304    -0.0014597489569120278      0.005412711208859717      -0.10581053275912004   -0.00045286036819766417    -0.0009628577088207614       0.02241245023250079    -0.0024598694746621403      0.026043450210935383       -0.3885599875781712        0.4401608894119543        0.8575047286164421        2.3315146165920324
