       59.359235459829414   -0.00032205081263746144     0.0001819453663259814        -15.00619542605581        -9.959956491550528      -0.24803738591264712       -2.8307265975322013        -2.650156613406817      -0.10356276457372814       0.37136302754494077     6.534784538066447e-06    1.7451319767371556e-06        -2.830756504602448        2.6501672203297835       0.10358782547488884       -15.006302043250034         9.960145105866708       0.24803029431748397      -0.18587202925537655    -6.541173362537747e-07    -1.114604146223562e-06       0.46253389499171943        0.2129734113593224       0.09984591555445081       -2.6616176037661186        1.1924026546130073        0.5999685895567879       -20.508319062403352     8.835301940573995e-05   -0.00015233513069365517        -2.661601265084705       -1.1923754057851892       -0.6000016187964083       0.46253160484387035      -0.21296732231815324      -0.09984553910525502        0.9208018884473683         1.427726285964005      -0.07250123432954919       -0.5071333967235145      0.058245805493977086     -0.011886326773603548       0.06338695298052789     4.271098048519582e-08     2.936237538422262e-06       -0.5071319526652642     -0.058246137785405265      0.011881892519609577        0.9208111978750445        -1.427726014606909       0.07249032580276334     0.0038121187337289203    -6.000892758170012e-07     6.016553451014584e-07      0.007707956968746092     -0.016965852708319455     -0.012592219120798737       0.06503951242757738       -0.2340471832517005     -0.030329109668778165       0.06504381000643382       0.23404153315846213      0.030328247191712232      0.007708039685678296      0.016967092465713002      0.012590140377378522
  -0.00032205081263746144         61.14276177410016         4.498560825382108        -5.345199164363446       -24.596277193260182       -1.1103573162018525        -6.264664090925214        2.6280160006644953       0.02055635382301173   -1.3052368394864015e-05       -5.5185540342506005       -0.2611965562861978        6.2647234146005655         2.627987016042214       0.02061426409381173         5.345612685941831       -24.596794473279562        -1.110477849238672   -1.7878879558912342e-06      -0.11052470935608188    0.00041925087959184193       0.16996404356354367    -0.0011518814626694835       -0.5516500968306067         2.189037239045854       0.38148249893058295       0.03128466298008754     7.950007448066446e-05        -8.656491387105962       -1.0449847003658166        -2.188992042044304        0.3815483598477135       0.03120547350076578       -0.1699683633917823    -0.0011611850654438037       -0.5516403469930156       -1.2391336838209293        -1.848667258055416        -0.175852146591787       0.12484913733392962        0.1939233008186501      -0.03142298201368386     5.148096847815603e-07      -0.13071046584145707      0.014648603342729216      -0.12484781357827446       0.19392817286019404      -0.03141829206328672          1.23912151361178       -1.8486800998235484      -0.17588813885030202     8.972153300590135e-07     -0.026659702130733973       0.05223583053054678       0.11632422224196474      0.006843066020567949      -0.01239237572443792      0.013215707464904618      -0.12784783142385528       0.20014544998087727     -0.013211694198808294      -0.12783944241780826        0.2001458375118402      -0.11631897049980425      0.006834242359109513     -0.012387883952990229
    0.0001819453663259814         4.498560825382108         15.66278016170466      -0.19593657837427925       -1.2786793158945358        -6.180397774993322       -0.4531512118395414       0.19420811926362005        0.6321903137082817    -5.008838385498477e-06       -0.3591696066219127       -0.6696240801793044        0.4532297599791759       0.19427102510370853        0.6322073340281213       0.19577021485939072       -1.2786844068047434        -6.180335763097213    1.3907979425981838e-06       0.05329156892952947      -0.08354364159457955       0.07451621345016055       -0.5270522665136261       0.14241988594540655        1.8002942426166855      0.009159602602321426       0.35647046932837523     -0.000145928614093051        -1.140073155171105        -6.414052939530931       -1.8003561463942277       0.00917585724612052       0.35641967669948427      -0.07449668477954392        -0.527061616803964        0.1424235295411474     -0.039099397065711576      -0.08912880283202196        0.2983858828066219      0.026489544858989456     -0.030846662110356547        0.6969222786175558    -2.462999874646292e-07     -0.006557256810085229       -0.0956265897270992     -0.026469625454280707      -0.03089526919932779        0.6969186820682591      0.039133650417841094       -0.0891863581561447        0.2983905125345366    -9.891863080371353e-07       0.05697179190089859       -0.0508851293720071       0.08077000369882803      -0.01245664564180276      0.017437017892952343      0.020446880904274857       0.18370960879188358      -0.13756700860006746     -0.020427351877927744       0.18371515225004076       -0.1375819839240452      -0.08077457790246807      -0.01245366470010476      0.017446883987074495
       -15.00619542605581        -5.345199164363446      -0.19593657837427925         64.58566687756552       -3.1572879403957694      0.023664858976131964        -32.12341605105352       -2.7501455260878247      -0.12661384574276613       -2.7892633778434175         6.493075792904544       0.34937955580365954        -4.073029015295191        -2.401218217476359      -0.11762198221838671        4.9974765904851575        -1.589690696400818      -0.06547306290016569      0.016388205123354337      -0.06736909301353851      -0.05970942225343399       0.02677142929833347       0.03197795707944735       -0.0886840263673901      -0.04549842334001862      -0.35564787967370937      -0.06104498585978957        -2.661194393781147       -2.8245635192249074      -0.23815223596779458      -0.12708532771965103        0.3025917541608364       0.30190999631267956       -0.1911674919303711       0.04253380336005669      -0.14356562234183076       -11.408809637864225        11.087379014784911         0.289735276132846       -1.0681121935414375       0.21564968837520368      0.025293941080475224        0.0677548039284007       0.21070486675103087      0.006800532575391637      -0.07624045652444479      -0.08533701281656476      0.006467998833587528      -0.09808067112191038       0.39118689772203663     -0.006869090532827252    -0.0038613419997786287     -0.019478936760012104       0.01929850237214324    -0.0036224143546555484     0.0015665570438543207      0.006697356514053159      -0.03213380676727542     -0.047224440853519165       0.05645244332022087      0.008522847453399629      -0.08733646515231763      0.024290460261489306      -0.04518495693945687     0.0021220883740200114     -0.005290674073391542
       -9.959956491550528       -24.596277193260182       -1.2786793158945358       -3.1572879403957694         64.58818091243054          2.50030050829443        2.6403216314604014       -11.243502012375552       -0.2416832925655181          2.74081957373116        2.5434692064922504       0.06847675103321764       -2.2059206910987825       -1.3116670212757435      -0.04019433132895549        1.5897003371369451        -5.201565736444605      -0.28884107005057813       0.06436854179330195    -0.0020124487472329257      -0.02234130193675009      -0.04554938256979384        -0.066421185092524     -0.015112592771493315        0.2973847265770696      -0.19783095476501006      -0.00736516511845104       -1.2729108713432498       0.38921065100874735      0.023128655258664595        0.4272902603054373       0.16752026266964368       0.09842291105624476      -0.09311151563591487       0.04733171470563523      0.028920887369249474        11.135200878325366       -24.790770480987423       -0.6275962550299312        -2.678342488013829        0.2472979797802528       0.02225847867351917       0.30765166897273016      -0.41209795415898803      -0.08013432037320407      -0.08659061682524848      0.025294362068372874      0.008429519974681297        0.3018970064407567      -0.28696779622733776      -0.06395275017959307    -0.0022281686396615472     -0.004200809157414834     -0.003859114764516261      0.006507970901264142     -0.004547742763919593     0.0035676499083676263      0.019103291835835652       0.04211008838531563      -0.10032868627287397     -0.005451158304645707     -0.042729045094392036      0.010077996251996419      0.016859553904827768     0.0048138271893946386     0.0029733018425474444
     -0.24803738591264712       -1.1103573162018525        -6.180397774993322      0.023664858976131964          2.50030050829443        12.381646916625684        0.2568703918079957       -0.2997424391934845        -5.719779556733122       0.10346061021912027        0.1562854543887558        0.7586160090618163      -0.13592335670537822      -0.07039968546933517        -0.576022247329067       0.06549281075660648       -0.2887971591685389        0.7416255161864556      0.050023721579614676      0.031783166735797806         0.034655218055099      -0.10343159365271574    -0.0009028357472655567       0.00947484980834499        0.2043389961752877      -0.10888798983324625      -0.07849434474949647       -0.4024018313586914     0.0010739545133528676        0.3478450673013254     -0.004711151109258296     -0.045988001416494444       0.11412853908756586      -0.01704875895453893      0.017180414443315063    -0.0058990665248419795       0.27630170038359614       -0.7433317545269454        -3.299739043769466      -0.13042955871257458     -0.002856376120001238       0.30114195347028305      0.015095580729633603      -0.06382691152963921        0.6560620482031956     -0.005024451121969789      0.007464922093369621      -0.10157129462437163      0.013440316823299776       -0.0504276252944824        0.5984973800568643     0.0013528814117235038      0.002543896464864342      0.003632225921092608     -0.004053187622673658     0.0026641849652740833      -0.00709810125776141       0.03716999856830085       0.05336122557222964     0.0012405555194056172     0.0032994613976239434      0.003069436998752938       0.02192897057757263     0.0006270945745581808      0.006580878544952372     -0.010421052982802536
      -2.8307265975322013        -6.264664090925214       -0.4531512118395414        -32.12341605105352        2.6403216314604014        0.2568703918079957        63.645514745209496         2.606505345672966      0.016735910997828358       -16.404875679135067         6.091902589008207        0.4636690967080384        5.2747739167159535         1.856509822683493       0.08674542653366896        -4.073023106124003        2.2059034044141073       0.13593951355101808      -0.02048903477955765      0.025927907888907486       0.03499443809633103     -0.006548351452555271     -0.020365880850360674       0.05355902527126754      0.026847625859114432       0.10490396902064383      -0.04229803313045609       0.46204994006367434      -0.17353383904417297        -0.064965267827882       -0.1911875312154974       -0.0786383370583267     -0.052632367071892616       0.07696570988472216     -0.049102589713407425      0.014069413225618695        -1.059549818926408      -0.23101946164047768       0.03531986552876344       -11.577837737207945       -11.172183438759218       -0.6143228410440329       -1.1070403071892192        2.6168318030641675       0.17693235982276362      -0.06935429726011631      -0.39119101121656724      -0.05254670638836645     -0.061784192828284894       0.08278551863775184       0.03504063466349505     0.0008689480642144313      0.018351619724207405     -0.013319946175437568   -0.00037242736364656684    -0.0007179537857142728     7.864586391641531e-05      -0.03113733225752829      0.052412620532820774     -0.010452925767249745       0.01328814471832777       0.04410538067156924     -0.004499203015927582     -0.001020408888991423      0.002564473333932695     -0.004228390769652694
       -2.650156613406817        2.6280160006644953       0.19420811926362005       -2.7501455260878247       -11.243502012375552       -0.2997424391934845         2.606505345672966         66.50845344532354         3.040421799359765        11.519383273354414        -26.35280169574781        -1.291271087886518       -1.8565254900468886        -5.412657204557067      -0.36983455780670665        2.4012393030543544       -1.3116578415178743      -0.07040669155254001       0.02101884918110569     -0.005526754338640771    -0.0005420539148909352      -0.02276900424822139       0.03609352575370595      -0.01061716081195647       0.03906378608277997     -0.037524144256337676      -0.04476214375527179      -0.22199479764158372       -0.4704354726930532      -0.07003287307810768      -0.06980035082857868       0.04439088031917995       0.03185588089579388      -0.02539957225450054       0.01646790079415343      -0.06281678773855814         2.666970079404475       0.27033728451119976      -0.02229181046505975       -11.162890409251837        -24.81480656034394       -1.0791070582964233       -0.2906952820142757        0.3665833691057295      0.009281640339694365      -0.29739419876044604        -0.293105132771916      -0.04770464866457045       0.06917813781428421      0.014712141193888537    -0.0021712666511702755    0.00034841012510013154      -0.00741247528725276      0.012400025403412755    -0.0034445134397791317     0.0010013360159158886      -0.00135390163467736      0.005253635111114782      -0.00968760806683622       0.05743841192535819     0.0011941282565084048      -0.02491590192110271      0.020740736578741117     -0.013081413606883975    -0.0020235692332537694       0.00236442179272698
     -0.10356276457372814       0.02055635382301173        0.6321903137082817      -0.12661384574276613       -0.2416832925655181        -5.719779556733122      0.016735910997828358         3.040421799359765        12.478361208328494         0.720953060222119       -1.2532230349596838        -5.891553161110955      -0.08690003608587439       -0.3698539016928616        0.7298291322003326       0.11764537121332809     -0.040211281863173916       -0.5760198362850013     -0.013541852113316882      -0.04197059162430895     -0.029789430363993282       0.05258144076913582      0.030643777390761857      0.015528564218339237      -0.08581954285639919      -0.03056270713980536     -0.019393490953972158      -0.07693934124033695      -0.04548160353097783        0.6112974472312698       0.13278979212544134       0.02006701557317759     -0.002978866567084886     -0.044250468700741875        0.0692671306921394      0.009723215359666743       0.12901544256812947      -0.01034908839756342       0.29601544616888315       -0.5880597835452506       -1.1145319089812888        -3.397286493641867      -0.01781944546319978    -0.0011619510851402725        0.2766226872118261     -0.023035717578065853      -0.05210336868884908        0.6645714323013266      0.006305624214337088      0.009965870247067205       -0.1067878252830396     0.0018146803630758632    0.00026847353535345355    -0.0007484286397701999     -0.002710951495726284    -0.0007601340110819727     0.0023686333801426905     -0.017316078477200007      0.018472999774908412      0.008257055313401039   -0.00037390644490076913     -0.010619128002201331      0.009959312545493442      0.006572688144964595     -0.001255616834824047     0.0017709952874957347
      0.37136302754494077   -1.3052368394864015e-05    -5.008838385498477e-06       -2.7892633778434175          2.74081957373116       0.10346061021912027       -16.404875679135067        11.519383273354414         0.720953060222119         68.47425671917942    0.00020101109289244663   -0.00015522533659486365       -16.404978378505547       -11.519545528855168       -0.7209168527880481        -2.789291545679063        -2.740813704367263       -0.1034722983277665     -0.012852029602885163   -2.7373655619335276e-07    -6.197159737160105e-07     -0.020460846303094207     -0.005531342988955273      -0.02446459089118362       0.01645652229777005      -0.08093020300960402     -0.009302626758520217      -0.18594631850632884     9.185163797583057e-07    1.2143680975830784e-06       0.01645904883212443       0.08093044873362215      0.009300941583203904      -0.02046162279099149      0.005532074755081256      0.024464748154555224       -0.5159995174523914      -0.03904013088208051       0.00826489562571877        1.0129946329410238       -1.5012433707819686      -0.07801190924654153       -31.362450895390474   -3.3225156459303725e-05    0.00011131520814967168         1.012991890184227        1.5012459389932251       0.07803071845049754       -0.5159993178497425       0.03903746742533745     -0.008253530518551528      -0.00223054180410724    -9.382178713248013e-08     1.917723023785292e-07     -0.004405251245044492     0.0023778569587484034     0.0009887490899669017     0.0028101514495214594     -0.001792405447793354    -0.0037981209217245715       0.00281045313141362     0.0017917442818154428      0.003798113518487955     -0.004405077980833658    -0.0023781012655567793    -0.0009882342802821202
    6.534784538066447e-06       -5.5185540342506005       -0.3591696066219127         6.493075792904544        2.5434692064922504        0.1562854543887558         6.091902589008207        -26.35280169574781       -1.2532230349596838    0.00020101109289244663        61.411733053554784        3.0588274787779706        -6.092206123041735        -26.35305417766789       -1.2536154837377225        -6.493113650621121         2.543461174756994       0.15631977367947153    1.5382323534743163e-06       0.03128530382832681       0.03689606137980444      -0.04299194301420533     -0.038562551841780264      0.033317985982660336       0.09001144717123301      0.020549250924543756      -0.04568817584984852    -3.046486376737152e-06      -0.07030251439781493      -0.04058312520794854      -0.09000871472015144       0.02055325524314315      -0.04568665334383221       0.04299179852848267      -0.03856387580278993       0.03331384110992257      -0.13875024712262143       0.18543783643566003      0.007172581377381169        1.4060119288093247       -1.7508525997469027      -0.17066808795262248    -3.070421202113252e-05        -5.224453032873811      -0.10940304623791551        -1.406024316417365        -1.750920052201794       -0.1706043181808391       0.13874723727982663       0.18544054416945283        0.0071922994710019   -2.1554808151528823e-07      0.018652965480951418     -0.015117720820587717   -0.00035057187019242223     0.0011777144267079438    -0.0014069509503589325      -0.01696280371379255      0.044880282716003646     -0.012269451102312633      0.016966337050838155       0.04487766339394042     -0.012271466775851666     0.0003503076315931538      0.001177361349269266    -0.0014065723887018986
   1.7451319767371556e-06       -0.2611965562861978       -0.6696240801793044       0.34937955580365954       0.06847675103321764        0.7586160090618163        0.4636690967080384        -1.291271087886518        -5.891553161110955   -0.00015522533659486365        3.0588274787779706        12.325777609862323       -0.4635388148165235       -1.2913848959484093        -5.891548857500503       -0.3493559358281411       0.06852351133097112        0.7586379546738751     8.600340634441065e-08    -0.0036190842785292954     -0.003058734736144705      0.006988559150757083      -0.00807716569586282      0.003210779421048934     0.0039643653483924365      0.008494882766133513        0.0120089760519897     7.047364839879136e-07      0.012161128855461901       -0.1238198845335296     -0.003963591317735337      0.008496088288166443      0.012007215685123834     -0.006989655079877928     -0.008078287671729589     0.0032111833913347353     -0.003928649806815444     -0.018480525022560094        0.6957136018621347       0.07706643890836042      -0.10508967713200974       0.29043344092471185     0.0001138266138022012        -0.113364792641139        -3.264855235995966      -0.07713934185384079      -0.10522142157160522       0.29045165900869796     0.0039321674831682045     -0.018493967164708334        0.6957149814268044   -1.3041086041479792e-07    0.00036616194754925845    -0.0016716811530127283       0.00084017324955175    0.00011618966998251213     0.0006198079389174715      -0.00462684364214811     -0.001222432680906009     -0.005584450590173971      0.004625280705002222    -0.0012225652273154478      -0.00558526665464111    -0.0008406074778533495    0.00011626598026764569     0.0006217931452904234
       -2.830756504602448        6.2647234146005655        0.4532297599791759        -4.073029015295191       -2.2059206910987825      -0.13592335670537822        5.2747739167159535       -1.8565254900468886      -0.08690003608587439       -16.404978378505547        -6.092206123041735       -0.4635388148165235        63.647183684557035        -2.606098925027257     -0.017997936777279108       -32.124689361954225       -2.6403364274864285      -0.25673063381544586     -0.020491733812172758      -0.02592850155813528      -0.03499658277556124       0.07696842710091462        0.0491010981686174     -0.014071161797731687       -0.1911907560975113       0.07864831885939104       0.05263411908414185        0.4620596574656952       0.17351442930398112       0.06497808282687537      0.026842003202131655      -0.10490602425633144      0.042292398678720436     -0.006550893221798776      0.020364807036401457     -0.053553875878743676      -0.06178326187128025      -0.08278808044236134      -0.03503555490421602      -0.06935500569291266       0.39119357843123426      0.052554119021399594       -1.1070283694701737       -2.6168122832918663       -0.1768744028730543       -11.577946432951663        11.172084420896569        0.6153196972475756       -1.0595837950842741       0.23100018517839518      -0.03535662430700822      0.000869104955882747     -0.018351638232298947       0.01332044261940074    -0.0010202423161675305    -0.0025647546569241577      0.004229088239964017      0.013284077351656166      -0.04410807473784831      0.004496881104658472      -0.03114077704047435      -0.05241108350700304       0.01045661813151269   -0.00037229581382667237     0.0007174977748126258    -7.826146509204855e-05
       2.6501672203297835         2.627987016042214       0.19427102510370853        -2.401218217476359       -1.3116670212757435      -0.07039968546933517         1.856509822683493        -5.412657204557067       -0.3698539016928616       -11.519545528855168        -26.35305417766789       -1.2913848959484093        -2.606098925027257         66.50809839475815         3.042397910439197         2.750128722988017       -11.243335938323558      -0.29991461506429773     -0.021020377093050397     -0.005530203812407237    -0.0005459196451441073      0.025403824262910213       0.01646986806064256      -0.06281749050924999       0.06979722472762007       0.04439055498057995       0.03186107107850475       0.22199329282769673       -0.4704357955744129      -0.07003611122921856      -0.03906160307060293     -0.037529166855268185     -0.044763946386668765       0.02276520830358937       0.03609565175791079     -0.010613748688240759      -0.06917862770923038       0.01471246067202257    -0.0021633474659085803       0.29739146838983355       -0.2931019844031746      -0.04770372468369262        0.2907032155789009       0.36659287201414753      0.009296265433632107        11.162824089776889       -24.814304610508273       -1.0808495385943877        -2.667002189092494        0.2703087033196486     -0.022318848793625837   -0.00034810388737005265    -0.0074125627023928185      0.012400164783579071      0.013082403220301818     -0.002022338872275926     0.0023638631331022344    -0.0011953516413594355     -0.024918021524694252       0.02074002615276572      -0.00525384069330085     -0.009684868442177962        0.0574389619004169     0.0034445691064236973     0.0010004672745728199    -0.0013537789117934328
      0.10358782547488884       0.02061426409381173        0.6322073340281213      -0.11762198221838671      -0.04019433132895549        -0.576022247329067       0.08674542653366896      -0.36983455780670665        0.7298291322003326       -0.7209168527880481       -1.2536154837377225        -5.891548857500503     -0.017997936777279108         3.042397910439197        12.478456253887257       0.12698334930344016      -0.24189692060384532         -5.71967789382655      0.013540303069106613     -0.041970894847747325     -0.029786629110186636       0.04425151597650714       0.06926445574047807       0.00971984304324197      -0.13278708424676158      0.020074153855904175     -0.002975119275808451       0.07693731352573939       -0.0454989600012742        0.6112989245240668       0.08581283606504843      -0.03057015847493104     -0.019393774028041037      -0.05257696269462947      0.030646899560136175       0.01552748696424377     -0.006302249050289213      0.009964408819684934      -0.10678857172860853       0.02307395614941451     -0.052075046895319416        0.6645742718696792       0.01783455219462746    -0.0010978367781143354         0.276614016028568        0.5889553946508824       -1.1160752063370203        -3.397506384433508       -0.1290837824148247     -0.010347122980611429        0.2960251550865971     -0.001814147045299538    0.00026845929835995846    -0.0007485197565285682    -0.0065709489538392386    -0.0012552023959434054     0.0017695972147345194     0.0003743523475370346     -0.010621199057645058      0.009956827905388684      0.017319197660104847      0.018473594881236507      0.008256990250340766      0.002712021121047568    -0.0007600557076177497      0.002369560635529024
      -15.006302043250034         5.345612685941831       0.19577021485939072        4.9974765904851575        1.5897003371369451       0.06549281075660648        -4.073023106124003        2.4012393030543544       0.11764537121332809        -2.789291545679063        -6.493113650621121       -0.3493559358281411       -32.124689361954225         2.750128722988017       0.12698334930344016         64.58685846164069        3.1565265075176314     -0.023598655028272148      0.016393262615095425       0.06736740488953397       0.05970944731728383      -0.19116887633948926      -0.04253297576156364        0.1435702684915655       -0.1270827313996755      -0.30258742745232525      -0.30193412788560375        -2.661146862401424        2.8245428376171984       0.23811395609735467      -0.04545862194645849        0.3556488306256595       0.06105118547676691      0.026765434615187246      -0.03197709851972801        0.0886793630169741      -0.09808217340946397        -0.391183865669532       0.00687513128916721      -0.07624241083654187       0.08533466641766684     -0.006477178704623211        0.0677560560719786      -0.21070128600479693     -0.006811408784202257       -1.0681132201710386      -0.21565032334511355     -0.025346449675143858       -11.408606374172548       -11.086995788376957       -0.2899760871898385    -0.0038620511444246177      0.019478816030307263     -0.019296892737658684      -0.04518683864288711    -0.0021243386732118417      0.005293273606033808      0.008527228318667996       0.08734054974575137     -0.024284342625384474      -0.03212949153454707      0.047221098149816454      -0.05645246866206929    -0.0036237336968427372    -0.0015663712510892102     -0.006695067774978892
        9.960145105866708       -24.596794473279562       -1.2786844068047434        -1.589690696400818        -5.201565736444605       -0.2887971591685389        2.2059034044141073       -1.3116578415178743     -0.040211281863173916        -2.740813704367263         2.543461174756994       0.06852351133097112       -2.6403364274864285       -11.243335938323558      -0.24189692060384532        3.1565265075176314         64.58807625119951        2.5010223796056503      -0.06436802233272762     -0.002007135702512986     -0.022342607222734383       0.09310740565598767       0.04732616576585789       0.02892531138447183       -0.4272835707147678       0.16753613250963037       0.09840396720879131        1.2729002590143546        0.3892062073356035      0.023137964267367313      -0.29738934078268203      -0.19781729840697865     -0.007373840650635026       0.04555024997557783      -0.06643001493939137     -0.015109957627122923      -0.30189356493231906      -0.28697287926112525      -0.06396020765915571        0.0865918531657636      0.025297163766322767      0.008420057072214934      -0.30765096367207234      -0.41209280976375845      -0.08014077613790442        2.6783248209014916        0.2473014933278775      0.022239829493370052       -11.134764311028103       -24.790338248854685       -0.6281004750965812     0.0022282721426042564    -0.0042008434685691575    -0.0038598335903178268     -0.016859682607248964      0.004813105800934244      0.002974593280227382      0.005447702132104846      -0.04272997092607901       0.01007346262378785      -0.01910872680810239       0.04210590199737841       -0.1003311959700873     -0.006508640182328345    -0.0045472535808231025      0.003567822318358851
      0.24803029431748397        -1.110477849238672        -6.180335763097213      -0.06547306290016569      -0.28884107005057813        0.7416255161864556       0.13593951355101808      -0.07040669155254001       -0.5760198362850013       -0.1034722983277665       0.15631977367947153        0.7586379546738751      -0.25673063381544586      -0.29991461506429773         -5.71967789382655     -0.023598655028272148        2.5010223796056503        12.381594336108837     -0.050023674892051236       0.03178691746721049       0.03465489566518722       0.01704220893511174      0.017179460051228657     -0.005893129341115997      0.004700691129254671     -0.046004351401212576       0.11411505621069123       0.40235603479053705     0.0011543205192734109       0.34784174658694444        -0.204337779841398      -0.10887756179736499      -0.07848630908265569       0.10342992813532087    -0.0009068184421513572       0.00947861626609484     -0.013448436323059946      -0.05042350453908519        0.5984931110943648     0.0050202870861123525     0.0074569673156241875        -0.101571819115212      -0.01509323262229646      -0.06383574800439178        0.6560629429982368       0.13056860430954415     -0.002859604358276244       0.30113705964613907       -0.2765462065098804       -0.7437893344876455       -3.2998720211326984    -0.0013521661451703115     0.0025433362391703114      0.003632540701018784    -0.0006297120458122487      0.006581376982094634     -0.010421928985012287     -0.003299531158892069       0.00306882651647187      0.021931248496531844      -0.03716798517268077      0.053361940411673026     0.0012322013939926478     0.0040527613670884146     0.0026624691228180584     -0.007096410757153808
     -0.18587202925537655   -1.7878879558912342e-06    1.3907979425981838e-06      0.016388205123354337       0.06436854179330195      0.050023721579614676      -0.02048903477955765       0.02101884918110569     -0.013541852113316882     -0.012852029602885163    1.5382323534743163e-06     8.600340634441065e-08     -0.020491733812172758     -0.021020377093050397      0.013540303069106613      0.016393262615095425      -0.06436802233272762     -0.050023674892051236         68.47087820805216     0.0003014242471078542   -0.00022382460218338315       -16.403753020155527        -8.748971322229671        -7.516833127601953       -2.7900620737860082       -2.0351568930135775       -1.8386624311831594        0.3712521160777749    -5.848231631419926e-08    -5.114008265256785e-06       -2.7900540228842785        2.0351847492711683        1.8386276140555828       -16.403718789816907         8.748888217875294          7.51680967619311      0.002757052589102525      0.003978994805582628     -0.001469748050746706     -0.004456539302260791    -0.0024918121326018656    -0.0009140724998369106     -0.002253975468290313    2.4914738616364224e-08    1.7383369057474696e-07      -0.00445658386405043      0.002491696812954555     0.0009144121945017029     0.0027572134671290187     -0.003978625640341302      0.001470619639488474         -31.3592150471577   -0.00021797249913756289       0.00025941040766443        1.0129062226351189        1.1296121378184665        0.9917105548883173       -0.5158966970311503        0.0220863740658044      0.033242631229859446       -0.5158982534192792      -0.02209576236642485     -0.033235622215591884        1.0129155443066098       -1.1296336351091645       -0.9916908994374682
   -6.541173362537747e-07      -0.11052470935608188       0.05329156892952947      -0.06736909301353851    -0.0020124487472329257      0.031783166735797806      0.025927907888907486     -0.005526754338640771      -0.04197059162430895   -2.7373655619335276e-07       0.03128530382832681    -0.0036190842785292954      -0.02592850155813528     -0.005530203812407237     -0.041970894847747325       0.06736740488953397     -0.002007135702512986       0.03178691746721049     0.0003014242471078542        40.544044015267765         24.45520710325626       -4.6819945283253395       -17.650082454045467       -10.210971666284717        -4.894385131458468        1.7864536151611756        0.8449020157192021     2.690677998489419e-06         -3.46670492439265       -2.3674120009677377         4.894376308000426        1.7865341458021886        0.8449208013203879         4.681701888220432       -17.650386584205464        -10.21065113453796       0.01542045610789685      0.013360336525983068      0.030664762878226975    -0.0004629098639547794   -5.3840750149963095e-05      0.000914950779965621     1.198754852284496e-07      0.001363058868893386      0.018015024880008827    0.00046367339391591974   -5.3830784254516544e-05     0.0009149379666714754     -0.015421291107565335       0.01335722873267303      0.030664109115485685   -0.00019972110058669407        -4.381666079176471       -0.9788196207224327        -1.060880344556726       -0.8943698529270125       -0.9839096280741297       0.10203799295229546       0.42836806321855525       -0.2675378919576625      -0.10203658847288717        0.4283554562184454       -0.2675678522867735        1.0609728554014974       -0.8944181053724756       -0.9839841288373901
   -1.114604146223562e-06    0.00041925087959184193      -0.08354364159457955      -0.05970942225343399      -0.02234130193675009         0.034655218055099       0.03499443809633103    -0.0005420539148909352     -0.029789430363993282    -6.197159737160105e-07       0.03689606137980444     -0.003058734736144705      -0.03499658277556124    -0.0005459196451441073     -0.029786629110186636       0.05970944731728383     -0.022342607222734383       0.03465489566518722   -0.00022382460218338315         24.45520710325626         33.15428585222072       -3.9136062672187992       -10.172631698630276       -14.575705572178075        -4.280872563292711        0.9327858447702503        1.5161964515992876    1.3387535955589089e-05       -2.4655437791902024       -2.7209217474990792         4.280842794810811         0.932761374589629        1.5161196195961952        3.9136420839516823       -10.172677849532466        -14.57530046222428       0.00854510628087949       0.01964391760329175      0.025868880137803456      0.000898067841229498    -0.0006217226721726228     0.0016707578839845734     9.026253875871384e-08      0.002511538341308888      0.015601863309531231    -0.0008979557960906919    -0.0006215054156518881      0.001670831916350748     -0.008547202678171637      0.019642455464059804      0.025865902328244025     0.0002318796214933475       -0.9745803261242021        -4.108752455793851       -0.9262433453799065        -1.049685103087603       -0.5656651792821277       0.09407579972643085      -0.24188813239015203       0.45310045413749483      -0.09407656667327044       -0.2418604283397701        0.4531054778030195        0.9262045757687003        -1.049587461230376       -0.5655957836199947
      0.46253389499171943       0.16996404356354367       0.07451621345016055       0.02677142929833347      -0.04554938256979384      -0.10343159365271574     -0.006548351452555271      -0.02276900424822139       0.05258144076913582     -0.020460846303094207      -0.04299194301420533      0.006988559150757083       0.07696842710091462      0.025403824262910213       0.04425151597650714      -0.19116887633948926       0.09310740565598767       0.01704220893511174       -16.403753020155527       -4.6819945283253395       -3.9136062672187992         63.64640174551814       -1.8781693068154257       -1.8055233986311798       -32.125244583236345       -2.0711102543472073       -1.6574954910255137        -2.831629757143723         4.803174085186037         4.047318507799736       -4.0728464531615804        -1.674626385690352       -1.4423469277090442          5.27501855463392        -1.390384034250194        -1.233157410675897     -0.031167412319754593     -0.030162747410019695      -0.04410545441919554   -0.00035023075182828044    0.00041027470241397846     0.0005428221084425807     0.0008980049137182497    -0.0038144143065600646      -0.02245770019800412    -0.0010103641206009148     0.0012218609232472473     -0.005000616686419831      0.013289266166305377     -0.028481252697390817     -0.034147023713079185       -1.1074162767168472         -1.99778653362395       -1.6994667829334418       -11.577734545628285         8.424955812392781         7.352109029357685       -1.0602488474766691        0.1405762285263938       0.18613943746827594      -0.06172583382587934      -0.08369817242118696       -0.0329058047497767      -0.06932425876991102       0.31683439552219855       0.23537054568111138
       0.2129734113593224    -0.0011518814626694835       -0.5270522665136261       0.03197795707944735        -0.066421185092524    -0.0009028357472655567     -0.020365880850360674       0.03609352575370595      0.030643777390761857     -0.005531342988955273     -0.038562551841780264      -0.00807716569586282        0.0491010981686174       0.01646986806064256       0.06926445574047807      -0.04253297576156364       0.04732616576585789      0.017179460051228657        -8.748971322229671       -17.650082454045467       -10.172631698630276       -1.8781693068154257          43.2106062472762         26.92452896195947         2.056854981863102        -8.823654813288067       -2.7255377862126413        1.9703152956267784         1.763239314270337        0.9074953346639552        -1.801654454307851       -1.0084648517952772      -0.35108697897257496        1.3904790798089575        -2.789214424704526        -3.059623759744912      0.008427837019680248       0.03671428934854607      -0.02968349675204108      0.004297114588062528    0.00023128152539661986     -0.000490296144641887     -0.001469826354210929      0.002084336565478952     -0.009620530044874412     0.0049571014581720994     2.925417423366012e-06     -0.003816091139653913    -0.0006017700952690286      -0.00315133843597187     -0.033429624458261545       0.22058788125520518       0.32637523598916346       0.03996395814275043         8.399938545213542       -15.465999892596658       -10.692307311216487       -2.0002783810642955       0.26617211097561283     -0.006413619213233776      -0.05385787796498733       -0.0405436449526694       0.06676813884954161       0.22910430312633068       0.12376096377278015      -0.47915143510325586
