                  Welcome to Q-Chem
     A Quantum Leap Into The Future Of Chemistry


 Q-Chem 6.0 (devel), Q-Chem, Inc., Pleasanton, CA (2022)

 E. Epifanovsky,  A. T. B. Gilbert,  Xintian Feng,  Joonho Lee,  Yuezhi Mao,  
 N. Mardirossian,  P. Pokhilko,  A. White,  M. Wormit,  M. P. Coons,  
 A. L. Dempwolff,  Zhengting Gan,  D. Hait,  P. R. Horn,  L. D. Jacobson,  
 I. Kaliman,  J. Kussmann,  A. W. Lange,  Ka Un Lao,  D. S. Levine,  Jie Liu,  
 S. C. McKenzie,  A. F. Morrison,  K. Nanda,  F. Plasser,  D. R. Rehn,  
 M. L. Vidal,  Zhi-Qiang You,  Ying Zhu,  B. Alam,  B. Albrecht,  
 A. Aldossary,  E. Alguire,  J. H. Andersen,  V. Athavale,  D. Barton,  
 K. Begam,  A. Behn,  N. Bellonzi,  Y. A. Bernard,  E. J. Berquist,  
 H. Burton,  A. Carreras,  K. Carter-Fenk,  Romit Chakraborty,  
 Chandrima Chakravarty,  Junhan Chen,  A. D. Chien,  K. D. Closser,  
 V. Cofer-Shabica,  L. Cunha,  S. Dasgupta,  Jia Deng,  M. de Wergifosse,  
 M. Diedenhofen,  Hainam Do,  S. Ehlert,  Po-Tung Fang,  S. Fatehi,  
 Qingguo Feng,  T. Friedhoff,  B. Ganoe,  J. Gayvert,  Qinghui Ge,  
 G. Gidofalvi,  M. Goldey,  J. Gomes,  C. Gonzalez-Espinoza,  S. Gulania,  
 A. Gunina,  J. A. Gyamfi,  M. W. D. Hanson-Heine,  P. H. P. Harbach,  
 A. W. Hauser,  M. F. Herbst,  M. Hernandez Vera,  M. Hodecker,  
 Z. C. Holden,  S. Houck,  Xunkun Huang,  Kerwin Hui,  B. C. Huynh,  
 K. Ikeda,  M. Ivanov,  Hyunjun Ji,  Zuxin Jin,  Hanjie Jiang,  B. Kaduk,  
 S. Kaehler,  R. Kang,  K. Khistyaev,  Jaehoon Kim,  Yongbin Kim,  
 P. Klunzinger,  Z. Koczor-Benda,  Joong Hoon Koh,  D. Kosenkov,  
 Saikiran Kotaru,  L. Koulias,  T. Kowalczyk,  C. M. Krauter,  K. Kue,  
 A. Kunitsa,  T. Kus,  A. Landau,  K. V. Lawler,  D. Lefrancois,  S. Lehtola,  
 Rain Li,  Shaozhi Li,  Yi-Pei Li,  Jiashu Liang,  M. Liebenthal,  
 Hung-Hsuan Lin,  You-Sheng Lin,  Fenglai Liu,  Kuan-Yu Liu,  
 M. Loipersberger,  A. Luenser,  C. Malbon,  A. Manjanath,  P. Manohar,  
 E. Mansoor,  S. F. Manzer,  Shan-Ping Mao,  A. V. Marenich,  T. Markovich,  
 S. Mason,  F. Matz,  S. A. Maurer,  P. F. McLaughlin,  M. F. S. J. Menger,  
 J.-M. Mewes,  S. A. Mewes,  P. Morgante,  Mohammad Mostafanejad,  
 J. W. Mullinax,  K. J. Oosterbaan,  G. Paran,  V. Parravicini,  
 Alexander C. Paul,  Suranjan K. Paul,  F. Pavosevic,  Zheng Pei,  S. Prager,  
 E. I. Proynov,  E. Ramos,  B. Rana,  A. E. Rask,  A. Rettig,  R. M. Richard,  
 F. Rob,  E. Rossomme,  T. Scheele,  M. Scheurer,  M. Schneider,  
 P. E. Schneider,  N. Sergueev,  S. M. Sharada,  Hengyuan Shen,  
 W. Skomorowski,  D. W. Small,  C. J. Stein,  Yingli Su,  Yu-Chuan Su,  
 E. J. Sundstrom,  Zhen Tao,  J. Thirman,  Hung-Yi Tsai,  T. Tsuchimochi,  
 N. M. Tubman,  C. Utku,  S. P. Veccham,  O. Vydrov,  J. Wenzel,  
 Jonathan Wong,  J. Witte,  A. Yamada,  Chou-Hsun Yang,  Kun Yao,  
 S. Yeganeh,  S. R. Yost,  A. Zech,  F. Zeller,  Igor Ying Zhang,  
 Xing Zhang,  Yu Zhang,  D. Zuev,  A. Aspuru-Guzik,  A. T. Bell,  
 N. A. Besley,  K. B. Bravaya,  B. R. Brooks,  D. Casanova,  Jeng-Da Chai,  
 Hsing-Ta Chen,  S. Coriani,  C. J. Cramer,  A. E. DePrince, III,  
 R. A. DiStasio Jr.,  A. Dreuw,  B. D. Dunietz,  T. R. Furlani,  
 W. A. Goddard III,  S. Grimme,  S. Hammes-Schiffer,  T. Head-Gordon,  
 W. J. Hehre,  Chao-Ping Hsu,  T.-C. Jagau,  Yousung Jung,  A. Klamt,  
 Jing Kong,  D. S. Lambrecht,  Xiangyuan Li,  WanZhen Liang,  N. J. Mayhall,  
 C. W. McCurdy,  J. B. Neaton,  T. Neudecker,  C. Ochsenfeld,  
 J. A. Parkhill,  R. Peverati,  V. A. Rassolov,  Haisheng Ren,  Yihan Shao,  
 L. V. Slipchenko,  R. P. Steele,  J. E. Subotnik,  A. J. W. Thom,  
 A. Tkatchenko,  D. G. Truhlar,  T. Van Voorhis,  Fan Wang,  
 T. A. Wesolowski,  K. B. Whaley,  H. L. Woodcock III,  P. M. Zimmerman,  
 S. Faraji,  P. M. W. Gill,  M. Head-Gordon,  J. M. Herbert,  A. I. Krylov

 Contributors to earlier versions of Q-Chem not listed above: 
 R. D. Adamson,  B. Austin,  R. Baer,  J. Baker,  G. J. O. Beran,  
 K. Brandhorst,  S. T. Brown,  E. F. C. Byrd,  Arup K. Chakraborty,  
 G. K. L. Chan,  Chun-Min Chang,  Yunqing Chen,  C.-L. Cheng,  
 Siu Hung Chien,  D. M. Chipman,  D. L. Crittenden,  H. Dachsel,  
 R. J. Doerksen,  A. D. Dutoi,  R. G. Edgar,  J. Fosso-Tande,  
 L. Fusti-Molnar,  D. Ghosh,  A. Ghysels,  A. Golubeva-Zadorozhnaya,  
 J. Gonthier,  M. S. Gordon,  S. R. Gwaltney,  G. Hawkins,  J. E. Herr,  
 A. Heyden,  S. Hirata,  E. G. Hohenstein,  G. Kedziora,  F. J. Keil,  
 C. Kelley,  Jihan Kim,  R. A. King,  R. Z. Khaliullin,  P. P. Korambath,  
 W. Kurlancheek,  A. Laurent,  A. M. Lee,  M. S. Lee,  S. V. Levchenko,  
 Ching Yeh Lin,  D. Liotard,  E. Livshits,  R. C. Lochan,  I. Lotan,  
 L. A. Martinez-Martinez,  P. E. Maslen,  N. Nair,  D. P. O'Neill,  
 D. Neuhauser,  E. Neuscamman,  C. M. Oana,  R. Olivares-Amaya,  R. Olson,  
 T. M. Perrine,  B. Peters,  P. A. Pieniazek,  A. Prociuk,  Y. M. Rhee,  
 J. Ritchie,  M. A. Rohrdanz,  E. Rosta,  N. J. Russ,  H. F. Schaefer III,  
 M. W. Schmidt,  N. E. Schultz,  S. Sharma,  N. Shenvi,  C. D. Sherrill,  
 A. C. Simmonett,  A. Sodt,  T. Stein,  D. Stuck,  K. S. Thanthiriwatte,  
 V. Vanovschi,  L. Vogt,  Tao Wang,  A. Warshel,  M. A. Watson,  
 C. F. Williams,  Q. Wu,  X. Xu,  Jun Yang,  W. Zhang,  Yan Zhao

   Please cite Q-Chem as follows:
  "Software for the frontiers of quantum chemistry:
   An overview of developments in the Q-Chem 5 package"
   J. Chem. Phys. 155, 084801 (2021)
   https://doi.org/10.1063/5.0055522 (open access)

 Q-Chem 6.0.0 for Intel X86 EM64T Linux

 Parts of Q-Chem use Armadillo 9.900.5 (Nocturnal Misbehaviour).
 http://arma.sourceforge.net/

 Q-Chem begins on Thu Jul 27 11:55:26 2023  

 Host: 
0

     Scratch files written to /mnt/scratch/hwang/qchem12804//
 Processing $rem in /opt/qchem-6.0.0/config/preferences:
 Processing $rem in /home/hwang/.qchemrc:

 Checking the input file for inconsistencies... 	...done.

--------------------------------------------------------------
User input:
--------------------------------------------------------------
$comment
   ASE generated input file
$end

$rem
   METHOD                      PBE
   BASIS                       CC-PVDZ
   JOBTYPE                     FREQ
   DFT_D                       D3_BJ
   VIBMAN_PRINT                7
   SYM_IGNORE                  TRUE
$end

$molecule
   0 1
   C  0.441792  -0.765556  0.781200
   C  0.441792  0.765556  0.781200
   C  -0.883505  0.000000  0.781252
   C  0.441792  0.765556  -0.781200
   C  0.441792  -0.765556  -0.781200
   C  -0.883505  0.000000  -0.781252
   H  0.844410  -1.463306  1.527769
   H  0.844410  1.463306  1.527769
   H  -1.688887  -0.000000  1.528010
   H  0.844410  1.463306  -1.527769
   H  0.844410  -1.463306  -1.527769
   H  -1.688887  0.000000  -1.528010
$end

--------------------------------------------------------------
 Adding empirical dispersion correction 
 ----------------------------------------------------------------
 Doing -D3(BJ) with
 s6  =   1.00000
 s8  =   0.78750
 a1  =   0.42890
 a2  =   4.44070
 -D3 energy without 3body term =     -0.0095022155 hartrees
 ----------------------------------------------------------------
             Standard Nuclear Orientation (Angstroms)
    I     Atom           X                Y                Z
 ----------------------------------------------------------------
    1      C       0.4417920000    -0.7655560000     0.7812000000
    2      C       0.4417920000     0.7655560000     0.7812000000
    3      C      -0.8835050000     0.0000000000     0.7812520000
    4      C       0.4417920000     0.7655560000    -0.7812000000
    5      C       0.4417920000    -0.7655560000    -0.7812000000
    6      C      -0.8835050000     0.0000000000    -0.7812520000
    7      H       0.8444100000    -1.4633060000     1.5277690000
    8      H       0.8444100000     1.4633060000     1.5277690000
    9      H      -1.6888870000    -0.0000000000     1.5280100000
   10      H       0.8444100000     1.4633060000    -1.5277690000
   11      H       0.8444100000    -1.4633060000    -1.5277690000
   12      H      -1.6888870000     0.0000000000    -1.5280100000
 ----------------------------------------------------------------
 Nuclear Repulsion Energy =         218.74895823 hartrees
 There are       21 alpha and       21 beta electrons
 Requested basis set is cc-pVDZ
 There are 54 shells and 114 basis functions

 Total QAlloc Memory Limit   2000 MB
 Mega-Array Size       204 MB
 MEM_STATIC part       192 MB


                       Distance Matrix (Angstroms)
             C (  1)   C (  2)   C (  3)   C (  4)   C (  5)   C (  6)
   C (  2)  1.531112
   C (  3)  1.530519  1.530519
   C (  4)  2.187555  1.562400  2.187177
   C (  5)  1.562400  2.187555  2.187177  1.531112
   C (  6)  2.187177  2.187177  1.562504  1.530519  1.530519
   H (  7)  1.098327  2.384804  2.384165  3.234388  2.445464  3.233965
   H (  8)  2.384804  1.098327  2.384165  2.445464  3.234388  3.233965
   H (  9)  2.384029  2.384029  1.098311  3.233933  3.233933  2.445676
   H ( 10)  3.234388  2.445464  3.233965  1.098327  2.384804  2.384165
   H ( 11)  2.445464  3.234388  3.233965  2.384804  1.098327  2.384165
   H ( 12)  3.233933  3.233933  2.445676  2.384029  2.384029  1.098311
             H (  7)   H (  8)   H (  9)   H ( 10)   H ( 11)
   H (  8)  2.926612
   H (  9)  2.925553  2.925553
   H ( 10)  4.231001  3.055538  4.230442
   H ( 11)  3.055538  4.231001  4.230442  2.926612
   H ( 12)  4.230442  4.230442  3.056020  2.925553  2.925553

 A cutoff of  1.0D-12 yielded   1485 shell pairs
 There are      6669 function pairs (      7404 Cartesian)
 Smallest overlap matrix eigenvalue = 6.96E-04
 Guess from superposition of atomic densities
 Warning:  Energy on first SCF cycle will be non-variational
 SAD guess density has 42.000000 electrons

 -----------------------------------------------------------------------
  General SCF calculation program by
  Eric Jon Sundstrom, Paul Horn, Yuezhi Mao, Dmitri Zuev, Alec White,
  David Stuck, Shaama M.S., Shane Yost, Joonho Lee, David Small,
  Daniel Levine, Susi Lehtola, Hugh Burton, Evgeny Epifanovsky,
  Bang C. Huynh
 -----------------------------------------------------------------------
 Exchange:  PBE      Correlation:  PBE
 Using SG-1 standard quadrature grid
 Dispersion:   Grimme D3
 using 4 threads for integral computing
 -------------------------------------------------------
 OpenMP Integral computing Module                
 Release: version 1.0, May 2013, Q-Chem Inc. Pittsburgh 
 -------------------------------------------------------
 A restricted SCF calculation will be
 performed using DIIS
 SCF converges when DIIS error is below 1.0e-08
 ---------------------------------------
  Cycle       Energy         DIIS error
 ---------------------------------------
    1    -233.1578456992      7.45e-02  
    2    -231.6386106871      8.83e-03  
    3    -231.3876863788      1.54e-02  
    4    -231.7885980116      6.35e-04  
    5    -231.7892434441      1.27e-04  
    6    -231.7892696503      2.45e-05  
    7    -231.7892706699      5.25e-06  
    8    -231.7892707128      2.37e-06  
    9    -231.7892707209      8.66e-07  
   10    -231.7892707222      6.53e-09  Convergence criterion met
 ---------------------------------------
 SCF time:   CPU 8.76s  wall 3.00s 
 SCF   energy in the final basis set =     -231.7892707222
 Total energy in the final basis set =     -231.7892707222

 --------------------------------------------------------------

                    Orbital Energies (a.u.)
 --------------------------------------------------------------

 Alpha MOs
 -- Occupied --
 -9.9064  -9.9064  -9.9063  -9.9063  -9.9063  -9.9062  -0.8830  -0.6759
 -0.5738  -0.5737  -0.4775  -0.4575  -0.4574  -0.3902  -0.3785  -0.3509
 -0.3508  -0.2537  -0.2536  -0.1919  -0.1917
 -- Virtual --
  0.0421   0.0440   0.0456   0.0815   0.0816   0.1012   0.1015   0.1016
  0.1450   0.1451   0.1793   0.2102   0.2103   0.2880   0.3113   0.3115
  0.3742   0.4068   0.4322   0.4324   0.4365   0.4366   0.4936   0.4937
  0.5276   0.5610   0.5611   0.5624   0.6194   0.6195   0.6197   0.6256
  0.6257   0.6566   0.6932   0.6933   0.7078   0.7277   0.9621   0.9623
  0.9626   0.9628   1.0150   1.0861   1.1356   1.1892   1.1895   1.2951
  1.3159   1.3159   1.3511   1.3511   1.3982   1.3984   1.4286   1.4288
  1.4518   1.5527   1.5530   1.5659   1.5660   1.5880   1.6075   1.6351
  1.6947   1.6949   1.7643   1.7954   1.7954   1.8109   1.8109   1.8292
  1.9277   1.9301   1.9301   1.9713   1.9714   1.9975   2.0518   2.0520
  2.0846   2.2460   2.2669   2.2669   2.3053   2.3576   2.3576   2.3608
  2.5608   2.5609   2.6078   3.1986   3.1989
 --------------------------------------------------------------

          Ground-State Mulliken Net Atomic Charges

     Atom                 Charge (a.u.)
  ----------------------------------------
      1 C                     0.033725
      2 C                     0.033725
      3 C                     0.034236
      4 C                     0.033725
      5 C                     0.033725
      6 C                     0.034236
      7 H                    -0.033876
      8 H                    -0.033876
      9 H                    -0.033933
     10 H                    -0.033876
     11 H                    -0.033876
     12 H                    -0.033933
  ----------------------------------------
  Sum of atomic charges =     0.000000

 -----------------------------------------------------------------
                    Cartesian Multipole Moments
 -----------------------------------------------------------------
    Charge (ESU x 10^10)
                 0.0000
    Dipole Moment (Debye)
         X      -0.0015      Y      -0.0000      Z       0.0000
       Tot       0.0015
    Quadrupole Moments (Debye-Ang)
        XX     -35.6167     XY       0.0000     YY     -35.6070
        XZ      -0.0000     YZ       0.0000     ZZ     -33.0067
    Octopole Moments (Debye-Ang^2)
       XXX      -4.0950    XXY      -0.0000    XYY       4.0913
       YYY      -0.0000    XXZ      -0.0000    XYZ       0.0000
       YYZ       0.0000    XZZ      -0.0049    YZZ      -0.0000
       ZZZ      -0.0000
    Hexadecapole Moments (Debye-Ang^3)
      XXXX    -148.4337   XXXY       0.0000   XXYY     -49.4857
      XYYY      -0.0000   YYYY    -148.5055   XXXZ       0.0000
      XXYZ       0.0000   XYYZ      -0.0000   YYYZ       0.0000
      XXZZ     -55.9844   XYZZ      -0.0000   YYZZ     -55.9843
      XZZZ       0.0000   YZZZ       0.0000   ZZZZ    -205.5847
 -----------------------------------------------------------------
 Calculating MO derivatives via CPSCF
    1     0    39    0.0365158  
    2     0    39    0.0050686  
    3     0    39    0.0003074  
    4    24    15    0.0000082  
    5    39     0    0.0000001  Converged
 ------------------------------------------------------------------------------
                     AOints        : Timing summary (seconds)
 ------------------------------------------------------------------------------
     job step          cpu (% of tot)      sys (% of tot)     wall (% of tot)
 ------------------------------------------------------------------------------
  AOints            0.1686E+01 ( 2.8)   0.2000E-05 (10.5)   0.4271E+00 ( 2.8)
 ------------------------------------------------------------------------------
   Grand Totals     0.6129E+02          0.1900E-04          0.1542E+02
 ------------------------------------------------------------------------------
 Polarizability Matrix (a.u.)
            1           2           3
    1 -52.3190703   0.0000000  -0.0000000
    2   0.0000000 -52.3492652   0.0000000
    3  -0.0000000   0.0000000 -57.6200206
 Calculating analytic Hessian of the SCF energy

 Direct stationary perturbation theory relativistic correction:

 rels  =       0.050937073887
 relv  =      -0.257880325802
 rel2e =       0.000000000000
 E_rel =      -0.206943251915


 Mass-Weighted Hessian Matrix:


     0.025017   -0.014265    0.007654   -0.001533    0.001966   -0.001013
    -0.014265    0.041735   -0.013162   -0.001966   -0.017032    0.001004
     0.007654   -0.013162    0.043047   -0.001013   -0.001004   -0.003041
    -0.001533   -0.001966   -0.001013    0.025017    0.014265    0.007654
     0.001966   -0.017032   -0.001004    0.014265    0.041735    0.013162
    -0.001013    0.001004   -0.003041    0.007654    0.013162    0.043047
    -0.012986    0.008560    0.001326   -0.012986   -0.008560    0.001326
     0.004617   -0.005237    0.000315   -0.004617   -0.005237   -0.000315
    -0.000382    0.001380   -0.002761   -0.000382   -0.001380   -0.002761
     0.000625    0.000729   -0.000851   -0.002258   -0.000372   -0.000823
    -0.000729   -0.003234    0.002110   -0.000372   -0.002875   -0.001449
     0.000851    0.002110   -0.003422    0.000823    0.001449   -0.015210
    -0.002258    0.000372   -0.000823    0.000625   -0.000729   -0.000851
     0.000372   -0.002875    0.001449    0.000729   -0.003234   -0.002110
     0.000823   -0.001449   -0.015210    0.000851   -0.002110   -0.003422
    -0.002358    0.001002   -0.001422   -0.002358   -0.001002   -0.001422
     0.002465   -0.000386    0.001837   -0.002465   -0.000386   -0.001837
    -0.002288    0.000332   -0.003459   -0.002288   -0.000332   -0.003459
    -0.019501    0.021423   -0.020273    0.000197   -0.000740    0.002837
     0.021448   -0.044381    0.035174    0.003211   -0.001241    0.003736
    -0.020656    0.035807   -0.052692    0.000895   -0.000893    0.000714
     0.000197    0.000740    0.002837   -0.019501   -0.021423   -0.020273
    -0.003211   -0.001241   -0.003736   -0.021448   -0.044381   -0.035174
     0.000895    0.000893    0.000714   -0.020656   -0.035807   -0.052692
    -0.001952   -0.001959    0.001834   -0.001952    0.001959    0.001834
     0.001996    0.000907   -0.004340   -0.001996    0.000907    0.004340
    -0.001232   -0.000328    0.000718   -0.001232    0.000328    0.000718
    -0.000263    0.001029   -0.000637   -0.000681    0.001574   -0.000337
    -0.000442   -0.000589    0.000630    0.001580    0.001144   -0.000586
    -0.000036    0.000437   -0.000791    0.001904    0.003298    0.000557
    -0.000681   -0.001574   -0.000337   -0.000263   -0.001029   -0.000637
    -0.001580    0.001144    0.000586    0.000442   -0.000589   -0.000630
     0.001904   -0.003298    0.000557   -0.000036   -0.000437   -0.000791
    -0.000255   -0.000448   -0.000232   -0.000255    0.000448   -0.000232
     0.001021   -0.000598    0.000865   -0.001021   -0.000598   -0.000865
    -0.000360    0.000249   -0.000794   -0.000360   -0.000249   -0.000794


    -0.012986    0.004617   -0.000382    0.000625   -0.000729    0.000851
     0.008560   -0.005237    0.001380    0.000729   -0.003234    0.002110
     0.001326    0.000315   -0.002761   -0.000851    0.002110   -0.003422
    -0.012986   -0.004617   -0.000382   -0.002258   -0.000372    0.000823
    -0.008560   -0.005237   -0.001380   -0.000372   -0.002875    0.001449
     0.001326   -0.000315   -0.002761   -0.000823   -0.001449   -0.015210
     0.049766   -0.000000   -0.015195   -0.002358   -0.001002    0.001422
    -0.000000    0.016570    0.000000   -0.002465   -0.000386    0.001837
    -0.015195    0.000000    0.042809    0.002288    0.000332   -0.003459
    -0.002358   -0.002465    0.002288    0.025017    0.014265   -0.007654
    -0.001002   -0.000386    0.000332    0.014265    0.041735   -0.013162
     0.001422    0.001837   -0.003459   -0.007654   -0.013162    0.043047
    -0.002358    0.002465    0.002288   -0.001533    0.001966    0.001013
     0.001002   -0.000386   -0.000332   -0.001966   -0.017032   -0.001004
     0.001422   -0.001837   -0.003459    0.001013    0.001004   -0.003041
    -0.002951   -0.000000    0.001621   -0.012986   -0.008560   -0.001326
    -0.000000   -0.002051    0.000000   -0.004617   -0.005237    0.000315
    -0.001621   -0.000000   -0.015174    0.000382    0.001380   -0.002761
     0.000203    0.003219   -0.004665   -0.000263   -0.001029    0.000637
    -0.000750   -0.001230   -0.000600    0.000442   -0.000589    0.000630
     0.000327   -0.001226    0.000710    0.000036    0.000437   -0.000791
     0.000203   -0.003219   -0.004665   -0.000681    0.001574    0.000337
     0.000750   -0.001230    0.000600    0.001580    0.001144    0.000586
     0.000327    0.001226    0.000710   -0.001904   -0.003298    0.000557
    -0.056577   -0.000000    0.040605   -0.000255    0.000448    0.000232
    -0.000000   -0.007054    0.000000   -0.001021   -0.000598    0.000865
     0.041410    0.000000   -0.052822    0.000360    0.000249   -0.000794
    -0.000763   -0.000729    0.000866   -0.019501   -0.021423    0.020273
     0.000739   -0.000093   -0.000231   -0.021448   -0.044381    0.035174
     0.000395    0.000186   -0.000795    0.020656    0.035807   -0.052692
    -0.000763    0.000729    0.000866    0.000197   -0.000740   -0.002837
    -0.000739   -0.000093    0.000231    0.003211   -0.001241   -0.003736
     0.000395   -0.000186   -0.000795   -0.000895    0.000893    0.000714
     0.002053   -0.000000    0.000678   -0.001952    0.001959   -0.001834
     0.000000   -0.001592   -0.000000   -0.001996    0.000907   -0.004340
    -0.003795   -0.000000    0.000565    0.001232   -0.000328    0.000718


    -0.002258    0.000372    0.000823   -0.002358    0.002465   -0.002288
     0.000372   -0.002875   -0.001449    0.001002   -0.000386    0.000332
    -0.000823    0.001449   -0.015210   -0.001422    0.001837   -0.003459
     0.000625    0.000729    0.000851   -0.002358   -0.002465   -0.002288
    -0.000729   -0.003234   -0.002110   -0.001002   -0.000386   -0.000332
    -0.000851   -0.002110   -0.003422   -0.001422   -0.001837   -0.003459
    -0.002358    0.001002    0.001422   -0.002951   -0.000000   -0.001621
     0.002465   -0.000386   -0.001837   -0.000000   -0.002051   -0.000000
     0.002288   -0.000332   -0.003459    0.001621    0.000000   -0.015174
    -0.001533   -0.001966    0.001013   -0.012986   -0.004617    0.000382
     0.001966   -0.017032    0.001004   -0.008560   -0.005237    0.001380
     0.001013   -0.001004   -0.003041   -0.001326    0.000315   -0.002761
     0.025017   -0.014265   -0.007654   -0.012986    0.004617    0.000382
    -0.014265    0.041735    0.013162    0.008560   -0.005237   -0.001380
    -0.007654    0.013162    0.043047   -0.001326   -0.000315   -0.002761
    -0.012986    0.008560   -0.001326    0.049766    0.000000    0.015195
     0.004617   -0.005237   -0.000315    0.000000    0.016570    0.000000
     0.000382   -0.001380   -0.002761    0.015195    0.000000    0.042809
    -0.000681   -0.001574    0.000337   -0.000763    0.000729   -0.000866
    -0.001580    0.001144   -0.000586   -0.000739   -0.000093   -0.000231
    -0.001904    0.003298    0.000557   -0.000395    0.000186   -0.000795
    -0.000263    0.001029    0.000637   -0.000763   -0.000729   -0.000866
    -0.000442   -0.000589   -0.000630    0.000739   -0.000093    0.000231
     0.000036   -0.000437   -0.000791   -0.000395   -0.000186   -0.000795
    -0.000255   -0.000448    0.000232    0.002053   -0.000000   -0.000678
     0.001021   -0.000598   -0.000865   -0.000000   -0.001592    0.000000
     0.000360   -0.000249   -0.000794    0.003795   -0.000000    0.000565
     0.000197    0.000740   -0.002837    0.000203   -0.003219    0.004665
    -0.003211   -0.001241    0.003736    0.000750   -0.001230   -0.000600
    -0.000895   -0.000893    0.000714   -0.000327   -0.001226    0.000710
    -0.019501    0.021423    0.020273    0.000203    0.003219    0.004665
     0.021448   -0.044381   -0.035174   -0.000750   -0.001230    0.000600
     0.020656   -0.035807   -0.052692   -0.000327    0.001226    0.000710
    -0.001952   -0.001959   -0.001834   -0.056577    0.000000   -0.040605
     0.001996    0.000907    0.004340   -0.000000   -0.007054    0.000000
     0.001232    0.000328    0.000718   -0.041410    0.000000   -0.052822


    -0.019501    0.021448   -0.020656    0.000197   -0.003211    0.000895
     0.021423   -0.044381    0.035807    0.000740   -0.001241    0.000893
    -0.020273    0.035174   -0.052692    0.002837   -0.003736    0.000714
     0.000197    0.003211    0.000895   -0.019501   -0.021448   -0.020656
    -0.000740   -0.001241   -0.000893   -0.021423   -0.044381   -0.035807
     0.002837    0.003736    0.000714   -0.020273   -0.035174   -0.052692
     0.000203   -0.000750    0.000327    0.000203    0.000750    0.000327
     0.003219   -0.001230   -0.001226   -0.003219   -0.001230    0.001226
    -0.004665   -0.000600    0.000710   -0.004665    0.000600    0.000710
    -0.000263    0.000442    0.000036   -0.000681    0.001580   -0.001904
    -0.001029   -0.000589    0.000437    0.001574    0.001144   -0.003298
     0.000637    0.000630   -0.000791    0.000337    0.000586    0.000557
    -0.000681   -0.001580   -0.001904   -0.000263   -0.000442    0.000036
    -0.001574    0.001144    0.003298    0.001029   -0.000589   -0.000437
     0.000337   -0.000586    0.000557    0.000637   -0.000630   -0.000791
    -0.000763   -0.000739   -0.000395   -0.000763    0.000739   -0.000395
     0.000729   -0.000093    0.000186   -0.000729   -0.000093   -0.000186
    -0.000866   -0.000231   -0.000795   -0.000866    0.000231   -0.000795
     0.067896   -0.075739    0.076034    0.000383    0.001432   -0.000368
    -0.075739    0.155828   -0.131797   -0.001432    0.002142   -0.000231
     0.076034   -0.131797    0.177449   -0.000368    0.000231    0.000879
     0.000383   -0.001432   -0.000368    0.067896    0.075739    0.076034
     0.001432    0.002142    0.000231    0.075739    0.155828    0.131797
    -0.000368   -0.000231    0.000879    0.076034    0.131797    0.177449
     0.001679    0.000676   -0.000018    0.001679   -0.000676   -0.000018
    -0.002170    0.000811    0.000437    0.002170    0.000811   -0.000437
     0.000384    0.000200    0.000880    0.000384   -0.000200    0.000880
     0.000718    0.000833   -0.000983    0.000885   -0.000197    0.000180
    -0.000833    0.000081    0.000545   -0.000197    0.000654    0.000311
     0.000983    0.000545    0.000139   -0.000180   -0.000311    0.000972
     0.000885    0.000197    0.000180    0.000718   -0.000833   -0.000983
     0.000197    0.000654   -0.000311    0.000833    0.000081   -0.000545
    -0.000180    0.000311    0.000972    0.000983   -0.000545    0.000139
     0.000240   -0.000558    0.000021    0.000240    0.000558    0.000021
     0.001106    0.000556    0.001124   -0.001106    0.000556   -0.001124
    -0.000963   -0.000578    0.000138   -0.000963    0.000578    0.000138


    -0.001952    0.001996   -0.001232   -0.000263   -0.000442   -0.000036
    -0.001959    0.000907   -0.000328    0.001029   -0.000589    0.000437
     0.001834   -0.004340    0.000718   -0.000637    0.000630   -0.000791
    -0.001952   -0.001996   -0.001232   -0.000681    0.001580    0.001904
     0.001959    0.000907    0.000328    0.001574    0.001144    0.003298
     0.001834    0.004340    0.000718   -0.000337   -0.000586    0.000557
    -0.056577   -0.000000    0.041410   -0.000763    0.000739    0.000395
    -0.000000   -0.007054    0.000000   -0.000729   -0.000093    0.000186
     0.040605    0.000000   -0.052822    0.000866   -0.000231   -0.000795
    -0.000255   -0.001021    0.000360   -0.019501   -0.021448    0.020656
     0.000448   -0.000598    0.000249   -0.021423   -0.044381    0.035807
     0.000232    0.000865   -0.000794    0.020273    0.035174   -0.052692
    -0.000255    0.001021    0.000360    0.000197   -0.003211   -0.000895
    -0.000448   -0.000598   -0.000249    0.000740   -0.001241   -0.000893
     0.000232   -0.000865   -0.000794   -0.002837    0.003736    0.000714
     0.002053   -0.000000    0.003795    0.000203    0.000750   -0.000327
    -0.000000   -0.001592   -0.000000   -0.003219   -0.001230   -0.001226
    -0.000678    0.000000    0.000565    0.004665   -0.000600    0.000710
     0.001679   -0.002170    0.000384    0.000718   -0.000833    0.000983
     0.000676    0.000811    0.000200    0.000833    0.000081    0.000545
    -0.000018    0.000437    0.000880   -0.000983    0.000545    0.000139
     0.001679    0.002170    0.000384    0.000885   -0.000197   -0.000180
    -0.000676    0.000811   -0.000200   -0.000197    0.000654   -0.000311
    -0.000018   -0.000437    0.000880    0.000180    0.000311    0.000972
     0.198999   -0.000000   -0.152304    0.000240    0.000558   -0.000021
    -0.000000    0.023966    0.000000   -0.001106    0.000556    0.001124
    -0.152304    0.000000    0.177823    0.000963   -0.000578    0.000138
     0.000240   -0.001106    0.000963    0.067896    0.075739   -0.076034
     0.000558    0.000556   -0.000578    0.075739    0.155828   -0.131797
    -0.000021    0.001124    0.000138   -0.076034   -0.131797    0.177449
     0.000240    0.001106    0.000963    0.000383    0.001432    0.000368
    -0.000558    0.000556    0.000578   -0.001432    0.002142    0.000231
    -0.000021   -0.001124    0.000138    0.000368   -0.000231    0.000879
     0.000542   -0.000000   -0.000354    0.001679   -0.000676    0.000018
    -0.000000    0.001003    0.000000    0.002170    0.000811    0.000437
     0.000354   -0.000000    0.000980   -0.000384    0.000200    0.000880


    -0.000681   -0.001580    0.001904   -0.000255    0.001021   -0.000360
    -0.001574    0.001144   -0.003298   -0.000448   -0.000598    0.000249
    -0.000337    0.000586    0.000557   -0.000232    0.000865   -0.000794
    -0.000263    0.000442   -0.000036   -0.000255   -0.001021   -0.000360
    -0.001029   -0.000589   -0.000437    0.000448   -0.000598   -0.000249
    -0.000637   -0.000630   -0.000791   -0.000232   -0.000865   -0.000794
    -0.000763   -0.000739    0.000395    0.002053    0.000000   -0.003795
     0.000729   -0.000093   -0.000186   -0.000000   -0.001592   -0.000000
     0.000866    0.000231   -0.000795    0.000678   -0.000000    0.000565
     0.000197    0.003211   -0.000895   -0.001952   -0.001996    0.001232
    -0.000740   -0.001241    0.000893    0.001959    0.000907   -0.000328
    -0.002837   -0.003736    0.000714   -0.001834   -0.004340    0.000718
    -0.019501    0.021448    0.020656   -0.001952    0.001996    0.001232
     0.021423   -0.044381   -0.035807   -0.001959    0.000907    0.000328
     0.020273   -0.035174   -0.052692   -0.001834    0.004340    0.000718
     0.000203   -0.000750   -0.000327   -0.056577   -0.000000   -0.041410
     0.003219   -0.001230    0.001226    0.000000   -0.007054    0.000000
     0.004665    0.000600    0.000710   -0.040605    0.000000   -0.052822
     0.000885    0.000197   -0.000180    0.000240    0.001106   -0.000963
     0.000197    0.000654    0.000311   -0.000558    0.000556   -0.000578
     0.000180   -0.000311    0.000972    0.000021    0.001124    0.000138
     0.000718    0.000833    0.000983    0.000240   -0.001106   -0.000963
    -0.000833    0.000081   -0.000545    0.000558    0.000556    0.000578
    -0.000983   -0.000545    0.000139    0.000021   -0.001124    0.000138
     0.000240   -0.000558   -0.000021    0.000542   -0.000000    0.000354
     0.001106    0.000556   -0.001124   -0.000000    0.001003   -0.000000
     0.000963    0.000578    0.000138   -0.000354    0.000000    0.000980
     0.000383   -0.001432    0.000368    0.001679    0.002170   -0.000384
     0.001432    0.002142   -0.000231   -0.000676    0.000811    0.000200
     0.000368    0.000231    0.000879    0.000018    0.000437    0.000880
     0.067896   -0.075739   -0.076034    0.001679   -0.002170   -0.000384
    -0.075739    0.155828    0.131797    0.000676    0.000811   -0.000200
    -0.076034    0.131797    0.177449    0.000018   -0.000437    0.000880
     0.001679    0.000676    0.000018    0.198999    0.000000    0.152304
    -0.002170    0.000811   -0.000437    0.000000    0.023966    0.000000
    -0.000384   -0.000200    0.000880    0.152304    0.000000    0.177823

 Vectors for Translations and Rotations


     0.392114    0.000000    0.000000   -0.309352   -0.277962    0.000000
     0.000000    0.392114    0.000000   -0.178514    0.000000    0.277908
     0.000000    0.000000    0.392114   -0.000000    0.157188    0.272342
     0.392114    0.000000    0.000000    0.309352   -0.277962    0.000000
     0.000000    0.392114    0.000000   -0.178514    0.000000    0.277908
     0.000000    0.000000    0.392114    0.000000    0.157188   -0.272342
     0.392114    0.000000    0.000000    0.000000   -0.277981    0.000000
     0.000000    0.392114    0.000000    0.357023   -0.000000    0.277926
     0.000000    0.000000    0.392114    0.000000   -0.314372    0.000000
     0.392114    0.000000    0.000000    0.309352    0.277962   -0.000000
     0.000000    0.392114    0.000000   -0.178514    0.000000   -0.277908
     0.000000    0.000000    0.392114    0.000000    0.157188   -0.272342
     0.392114    0.000000    0.000000   -0.309352    0.277962    0.000000
     0.000000    0.392114    0.000000   -0.178514    0.000000   -0.277908
     0.000000    0.000000    0.392114   -0.000000    0.157188    0.272342
     0.392114    0.000000    0.000000    0.000000    0.277981   -0.000000
     0.000000    0.392114    0.000000    0.357023    0.000000   -0.277926
     0.000000    0.000000    0.392114    0.000000   -0.314372   -0.000000
     0.113636    0.000000    0.000000   -0.171362   -0.157538    0.000000
     0.000000    0.113636    0.000000   -0.098883    0.000000    0.157507
     0.000000    0.000000    0.113636   -0.000000    0.087070    0.150861
     0.113636    0.000000    0.000000    0.171362   -0.157538    0.000000
     0.000000    0.113636    0.000000   -0.098883    0.000000    0.157507
     0.000000    0.000000    0.113636    0.000000    0.087070   -0.150861
     0.113636    0.000000    0.000000    0.000000   -0.157563    0.000000
     0.000000    0.113636    0.000000    0.197781   -0.000000    0.157532
     0.000000    0.000000    0.113636    0.000000   -0.174154    0.000000
     0.113636    0.000000    0.000000    0.171362    0.157538   -0.000000
     0.000000    0.113636    0.000000   -0.098883    0.000000   -0.157507
     0.000000    0.000000    0.113636    0.000000    0.087070   -0.150861
     0.113636    0.000000    0.000000   -0.171362    0.157538    0.000000
     0.000000    0.113636    0.000000   -0.098883    0.000000   -0.157507
     0.000000    0.000000    0.113636   -0.000000    0.087070    0.150861
     0.113636    0.000000    0.000000    0.000000    0.157563   -0.000000
     0.000000    0.113636    0.000000    0.197781    0.000000   -0.157532
     0.000000    0.000000    0.113636    0.000000   -0.174154   -0.000000

 The Projection Matrix


     0.673285   -0.055224    0.043692   -0.135318   -0.055224    0.043692
    -0.055224    0.737147   -0.075686    0.055224   -0.262853    0.075686
     0.043692   -0.075686    0.747368    0.043692   -0.075686   -0.104291
    -0.135318    0.055224    0.043692    0.673285    0.055224    0.043692
    -0.055224   -0.262853   -0.075686    0.055224    0.737147    0.075686
     0.043692    0.075686   -0.104291    0.043692    0.075686    0.747368
    -0.231022    0.000000    0.043695   -0.231022    0.000000    0.043695
     0.110446   -0.167258   -0.075691   -0.110446   -0.167258    0.075691
    -0.087384    0.000000   -0.104338   -0.087384    0.000000   -0.104338
     0.019208    0.055224   -0.043692   -0.172189    0.055224   -0.043692
    -0.055224   -0.108388    0.075686    0.055224   -0.108388   -0.075686
     0.043692    0.075686   -0.104291    0.043692    0.075686   -0.252632
    -0.172189   -0.055224   -0.043692    0.019208   -0.055224   -0.043692
    -0.055224   -0.108388    0.075686    0.055224   -0.108388   -0.075686
     0.043692   -0.075686   -0.252632    0.043692   -0.075686   -0.104291
    -0.076485    0.000000   -0.043695   -0.076485    0.000000   -0.043695
     0.110446   -0.012782    0.075691   -0.110446   -0.012782   -0.075691
    -0.087384    0.000000   -0.104338   -0.087384    0.000000   -0.104338
    -0.141359   -0.030590    0.024763   -0.035337   -0.030590    0.024763
    -0.030590   -0.105983   -0.042896    0.030590   -0.105983    0.042896
     0.024202   -0.041925   -0.099330    0.024202   -0.041925   -0.017159
    -0.035337    0.030590    0.024763   -0.141359    0.030590    0.024763
    -0.030590   -0.105983   -0.042896    0.030590   -0.105983    0.042896
     0.024202    0.041925   -0.017159    0.024202    0.041925   -0.099330
    -0.088355    0.000000    0.024767   -0.088355    0.000000    0.024767
     0.061184   -0.053031   -0.042903   -0.061184   -0.053031    0.042903
    -0.048408    0.000000   -0.017183   -0.048408    0.000000   -0.017183
     0.052242    0.030590   -0.024763   -0.053780    0.030590   -0.024763
    -0.030590   -0.018438    0.042896    0.030590   -0.018438   -0.042896
     0.024202    0.041925   -0.017159    0.024202    0.041925   -0.099330
    -0.053780   -0.030590   -0.024763    0.052242   -0.030590   -0.024763
    -0.030590   -0.018438    0.042896    0.030590   -0.018438   -0.042896
     0.024202   -0.041925   -0.099330    0.024202   -0.041925   -0.017159
    -0.000762    0.000000   -0.024767   -0.000762    0.000000   -0.024767
     0.061184    0.034528    0.042903   -0.061184    0.034528   -0.042903
    -0.048408    0.000000   -0.017183   -0.048408    0.000000   -0.017183


    -0.231022    0.110446   -0.087384    0.019208   -0.055224    0.043692
     0.000000   -0.167258    0.000000    0.055224   -0.108388    0.075686
     0.043695   -0.075691   -0.104338   -0.043692    0.075686   -0.104291
    -0.231022   -0.110446   -0.087384   -0.172189    0.055224    0.043692
     0.000000   -0.167258    0.000000    0.055224   -0.108388    0.075686
     0.043695    0.075691   -0.104338   -0.043692   -0.075686   -0.252632
     0.768973    0.000000   -0.087389   -0.076485    0.000000    0.043695
     0.000000    0.641538    0.000000   -0.110446   -0.012782    0.075691
    -0.087389    0.000000    0.747417    0.087384    0.000000   -0.104338
    -0.076485   -0.110446    0.087384    0.673285    0.055224   -0.043692
     0.000000   -0.012782    0.000000    0.055224    0.737147   -0.075686
     0.043695    0.075691   -0.104338   -0.043692   -0.075686    0.747368
    -0.076485    0.110446    0.087384   -0.135318   -0.055224   -0.043692
     0.000000   -0.012782    0.000000    0.055224   -0.262853   -0.075686
     0.043695   -0.075691   -0.104338   -0.043692    0.075686   -0.104291
    -0.076480    0.000000    0.087389   -0.231022    0.000000   -0.043695
     0.000000   -0.203976    0.000000   -0.110446   -0.167258   -0.075691
    -0.087389    0.000000   -0.252583    0.087384    0.000000   -0.104338
    -0.088351    0.061180   -0.049525    0.052242   -0.030590    0.024763
     0.000000   -0.053030    0.000000    0.030590   -0.018438    0.042896
     0.024204   -0.041928   -0.017186   -0.024202    0.041925   -0.017159
    -0.088351   -0.061180   -0.049525   -0.053780    0.030590    0.024763
     0.000000   -0.053030    0.000000    0.030590   -0.018438    0.042896
     0.024204    0.041928   -0.017186   -0.024202   -0.041925   -0.099330
    -0.088358    0.000000   -0.049533   -0.000762    0.000000    0.024767
     0.000000   -0.158953    0.000000   -0.061184    0.034528    0.042903
    -0.048411    0.000000   -0.099307    0.048408    0.000000   -0.017183
    -0.000766   -0.061180    0.049525   -0.141359    0.030590   -0.024763
     0.000000    0.034520    0.000000    0.030590   -0.105983   -0.042896
     0.024204    0.041928   -0.017186   -0.024202   -0.041925   -0.099330
    -0.000766    0.061180    0.049525   -0.035337   -0.030590   -0.024763
     0.000000    0.034520    0.000000    0.030590   -0.105983   -0.042896
     0.024204   -0.041928   -0.017186   -0.024202    0.041925   -0.017159
    -0.000759    0.000000    0.049533   -0.088355    0.000000   -0.024767
     0.000000   -0.071389    0.000000   -0.061184   -0.053031   -0.042903
    -0.048411    0.000000   -0.099307    0.048408    0.000000   -0.017183


