{"atoms": {"numbers": {"__ndarray__": [[12], "int64", [6, 6, 6, 6, 6, 6, 1, 1, 1, 1, 1, 1]]}, "positions": {"__ndarray__": [[12, 3], "float64", [0.4417916255, -0.7655555409, 0.7811998573, 0.4417916255, 0.7655555409, 0.7811998573, -0.8835052331, 0.0, 0.7812520018, 0.4417916255, 0.7655555409, -0.7811998573, 0.4417916255, -0.7655555409, -0.7811998573, -0.8835052331, 0.0, -0.7812520018, 0.8444096508, -1.4633063218, 1.5277687881, 0.8444096508, 1.4633063218, 1.5277687881, -1.6888873195, -0.0, 1.528009959, 0.8444096508, 1.4633063218, -1.5277687881, 0.8444096508, -1.4633063218, -1.5277687881, -1.6888873195, 0.0, -1.528009959]]}, "cell": {"__ndarray__": [[3, 3], "float64", [0.0, 0.0, 0.0, 0.0, 0.0, 0.0, 0.0, 0.0, 0.0]]}, "pbc": {"__ndarray__": [[3], "bool", [false, false, false]]}, "__ase_objtype__": "atoms"}, "hessian": {"__ndarray__": [[12, 3, 12, 3], "float64", [29.198651424810375, -16.64942889135068, 8.93338441881515, -1.7892446190284328, 2.2946216053554456, -1.182325374478671, -15.156640980236938, 5.388742600165867, -0.445852214265402, 0.7294702458530793, -0.8508540947630318, 0.9932466867535525, -2.635430104218005, 0.43418069033175277, 0.9605664197393348, -2.7521453435544974, 2.877030649644545, -2.6704446760189526, -6.593638451317063, 7.25195413075475, -6.984164701830945, 0.06660923926513827, -1.0856967882251727, 0.30261557940253175, -0.6600062692667509, 0.6748834597625177, -0.4165613338814739, -0.08892502500878867, -0.149448140889295, -0.01217224676926385, -0.23025833471857446, -0.5342263859843578, 0.6437766069077324, -0.08622008128228559, 0.34521844309495525, -0.12172246769263849, -16.64942889135068, 48.71110513708522, -15.362059801469165, -2.2946216053554456, -19.87893956379143, 1.1718210029383864, 9.990824487203772, -6.112377084052122, 1.610670302843599, 0.8508540947630318, -3.7745708401421734, 2.4626915499999953, 0.43418069033175277, -3.3555631309241645, -1.6912038179857791, 1.1694866981516567, -0.4505208238388618, 0.3874945945971557, 7.243501181609428, -15.006013440741633, 12.106990001861961, 0.25020729470153463, -0.4196043955737898, 0.301939343470906, -0.662373095027441, 0.3066729949922864, -0.11090269278662618, 0.34792338682145835, -0.19915148186378906, 0.1477575510602306, -0.5321976781894805, 0.38680695288994005, -1.1151130512508935, -0.15147684868417233, -0.20219454355610503, 0.08419137348740828, 8.93338441881515, -15.362059801469165, 50.24240907718001, -1.182325374478671, -1.1718210029383864, -3.549310428222742, 1.547644073601893, 0.3676530039099519, -3.2225077580805626, -0.9932466867535525, 2.4626915499999953, -3.99399549009478, -0.9605664197393348, 1.6912038179857791, -17.752387903080535, -1.659690703364926, 2.1440589466113704, -4.037180128649282, -6.85466552092461, 11.892961329502404, -17.81611185461252, 0.9592406690111538, -1.263208720276937, 0.24141622759039966, 0.6201083493008304, -1.4674319716279196, 0.24276869945365118, -0.21538114422280755, 0.21301431846211735, -0.2674513109579918, -0.11394575447894213, 0.1981371279663504, 0.18833170695777673, -0.07844336806858924, 0.29247204042814523, -0.26846566485543044, -1.7892446190284328, -2.2946216053554456, -1.182325374478671, 29.198651424810375, 16.64942889135068, 8.93338441881515, -15.156640980236938, -5.388742600165867, -0.445852214265402, -2.635430104218005, -0.43418069033175277, 0.9605664197393348, 0.7294702458530793, 0.8508540947630318, 0.9932466867535525, -2.7521453435544974, -2.877030649644545, -2.6704446760189526, 0.06660923926513827, 1.0856967882251727, 0.30261557940253175, -6.593638451317063, -7.25195413075475, -6.984164701830945, -0.6600062692667509, -0.6748834597625177, -0.4165613338814739, -0.23025833471857446, 0.5342263859843578, 0.6437766069077324, -0.08892502500878867, 0.149448140889295, -0.01217224676926385, -0.08622008128228559, -0.34521844309495525, -0.12172246769263849, 2.2946216053554456, -19.87893956379143, -1.1718210029383864, 16.64942889135068, 48.71110513708522, 15.362059801469165, -9.990824487203772, -6.112377084052122, -1.610670302843599, -0.43418069033175277, -3.3555631309241645, 1.6912038179857791, -0.8508540947630318, -3.7745708401421734, -2.4626915499999953, -1.1694866981516567, -0.4505208238388618, -0.3874945945971557, -0.25020729470153463, -0.4196043955737898, -0.301939343470906, -7.243501181609428, -15.006013440741633, -12.106990001861961, 0.662373095027441, 0.3066729949922864, 0.11090269278662618, 0.5321976781894805, 0.38680695288994005, 1.1151130512508935, -0.34792338682145835, -0.19915148186378906, -0.1477575510602306, 0.15147684868417233, -0.20219454355610503, -0.08419137348740828, -1.182325374478671, 1.1718210029383864, -3.549310428222742, 8.93338441881515, 15.362059801469165, 50.24240907718001, 1.547644073601893, -0.3676530039099519, -3.2225077580805626, -0.9605664197393348, -1.6912038179857791, -17.752387903080535, -0.9932466867535525, -2.4626915499999953, -3.99399549009478, -1.659690703364926, -2.1440589466113704, -4.037180128649282, 0.9592406690111538, 1.263208720276937, 0.24141622759039966, -6.85466552092461, -11.892961329502404, -17.81611185461252, 0.6201083493008304, 1.4674319716279196, 0.24276869945365118, -0.11394575447894213, -0.1981371279663504, 0.18833170695777673, -0.21538114422280755, -0.21301431846211735, -0.2674513109579918, -0.07844336806858924, -0.29247204042814523, -0.26846566485543044, -15.156640980236938, 9.990824487203772, 1.547644073601893, -15.156640980236938, -9.990824487203772, 1.547644073601893, 58.08450600819895, -0.0, -17.73488061718006, -2.7521453435544974, -1.1694866981516567, 1.659690703364926, -2.7521453435544974, 1.1694866981516567, 1.659690703364926, -3.444266712819899, -0.0, -1.8919540296445465, 0.06863794706001558, -0.2535884743596635, 0.11056457482081326, 0.06863794706001558, 0.2535884743596635, 0.11056457482081326, -19.129700151795575, -0.0, 14.001464964311555, -0.257984007915231, 0.24986917673572176, 0.13355659649608945, -0.257984007915231, -0.24986917673572176, 0.13355659649608945, 0.6941561838138522, 0.0, -1.2831576802598972, 5.388742600165867, -6.112377084052122, 0.3676530039099519, -5.388742600165867, -6.112377084052122, -0.3676530039099519, -0.0, 19.339715158056837, 0.0, -2.877030649644545, -0.4505208238388618, 2.1440589466113704, 2.877030649644545, -0.4505208238388618, -2.1440589466113704, -0.0, -2.3938295587914644, -0.0, 1.0884017319516759, -0.4158850979498481, -0.41453262608659663, -1.0884017319516759, -0.4158850979498481, 0.41453262608659663, -0.0, -2.3850841308440884, 0.0, -0.24648799707759292, -0.03144497082059827, 0.06288994164119655, 0.24648799707759292, -0.03144497082059827, -0.06288994164119655, -0.0, -0.5382838015741125, -0.0, -0.445852214265402, 1.610670302843599, -3.2225077580805626, -0.445852214265402, -1.610670302843599, -3.2225077580805626, -17.73488061718006, 0.0, 49.96462680755914, 2.6704446760189526, 0.3874945945971557, -4.037180128649282, 2.6704446760189526, -0.3874945945971557, -4.037180128649282, 1.8919540296445465, 0.0, -17.7103704169194, -1.577320310517107, -0.20287077948773077, 0.2400637557271481, -1.577320310517107, 0.20287077948773077, 0.2400637557271481, 13.729280001832182, 0.0, -17.860067190168195, 0.29281015839395813, -0.07810525010277636, -0.2688037828212433, 0.29281015839395813, 0.07810525010277636, -0.2688037828212433, 0.22924398082113578, -0.0, 0.1910366506842798, 0.7294702458530793, 0.8508540947630318, -0.9932466867535525, -2.635430104218005, -0.43418069033175277, -0.9605664197393348, -2.7521453435544974, -2.877030649644545, 2.6704446760189526, 29.198651424810375, 16.64942889135068, -8.93338441881515, -1.7892446190284328, -2.2946216053554456, 1.182325374478671, -15.156640980236938, -5.388742600165867, 0.445852214265402, -0.08892502500878867, 0.149448140889295, 0.01217224676926385, -0.23025833471857446, 0.5342263859843578, -0.6437766069077324, -0.08622008128228559, -0.34521844309495525, 0.12172246769263849, -6.593638451317063, -7.25195413075475, 6.984164701830945, 0.06660923926513827, 1.0856967882251727, -0.30261557940253175, -0.6600062692667509, -0.6748834597625177, 0.4165613338814739, -0.8508540947630318, -3.7745708401421734, 2.4626915499999953, -0.43418069033175277, -3.3555631309241645, -1.6912038179857791, -1.1694866981516567, -0.4505208238388618, 0.3874945945971557, 16.64942889135068, 48.71110513708522, -15.362059801469165, 2.2946216053554456, -19.87893956379143, 1.1718210029383864, -9.990824487203772, -6.112377084052122, 1.610670302843599, -0.34792338682145835, -0.19915148186378906, 0.1477575510602306, 0.5321976781894805, 0.38680695288994005, -1.1151130512508935, 0.15147684868417233, -0.20219454355610503, 0.08419137348740828, -7.243501181609428, -15.006013440741633, 12.106990001861961, -0.25020729470153463, -0.4196043955737898, 0.301939343470906, 0.662373095027441, 0.3066729949922864, -0.11090269278662618, 0.9932466867535525, 2.4626915499999953, -3.99399549009478, 0.9605664197393348, 1.6912038179857791, -17.752387903080535, 1.659690703364926, 2.1440589466113704, -4.037180128649282, -8.93338441881515, -15.362059801469165, 50.24240907718001, 1.182325374478671, -1.1718210029383864, -3.549310428222742, -1.547644073601893, 0.3676530039099519, -3.2225077580805626, 0.21538114422280755, 0.21301431846211735, -0.2674513109579918, 0.11394575447894213, 0.1981371279663504, 0.18833170695777673, 0.07844336806858924, 0.29247204042814523, -0.26846566485543044, 6.85466552092461, 11.892961329502404, -17.81611185461252, -0.9592406690111538, -1.263208720276937, 0.24141622759039966, -0.6201083493008304, -1.4674319716279196, 0.24276869945365118, -2.635430104218005, 0.43418069033175277, -0.9605664197393348, 0.7294702458530793, -0.8508540947630318, -0.9932466867535525, -2.7521453435544974, 2.877030649644545, 2.6704446760189526, -1.7892446190284328, 2.2946216053554456, 1.182325374478671, 29.198651424810375, -16.64942889135068, -8.93338441881515, -15.156640980236938, 5.388742600165867, 0.445852214265402, -0.23025833471857446, -0.5342263859843578, -0.6437766069077324, -0.08892502500878867, -0.149448140889295, 0.01217224676926385, -0.08622008128228559, 0.34521844309495525, 0.12172246769263849, 0.06660923926513827, -1.0856967882251727, -0.30261557940253175, -6.593638451317063, 7.25195413075475, 6.984164701830945, -0.6600062692667509, 0.6748834597625177, 0.4165613338814739, 0.43418069033175277, -3.3555631309241645, 1.6912038179857791, 0.8508540947630318, -3.7745708401421734, -2.4626915499999953, 1.1694866981516567, -0.4505208238388618, -0.3874945945971557, -2.2946216053554456, -19.87893956379143, -1.1718210029383864, -16.64942889135068, 48.71110513708522, 15.362059801469165, 9.990824487203772, -6.112377084052122, -1.610670302843599, -0.5321976781894805, 0.38680695288994005, 1.1151130512508935, 0.34792338682145835, -0.19915148186378906, -0.1477575510602306, -0.15147684868417233, -0.20219454355610503, -0.08419137348740828, 0.25020729470153463, -0.4196043955737898, -0.301939343470906, 7.243501181609428, -15.006013440741633, -12.106990001861961, -0.662373095027441, 0.3066729949922864, 0.11090269278662618, 0.9605664197393348, -1.6912038179857791, -17.752387903080535, 0.9932466867535525, -2.4626915499999953, -3.99399549009478, 1.659690703364926, -2.1440589466113704, -4.037180128649282, 1.182325374478671, 1.1718210029383864, -3.549310428222742, -8.93338441881515, 15.362059801469165, 50.24240907718001, -1.547644073601893, -0.3676530039099519, -3.2225077580805626, 0.11394575447894213, -0.1981371279663504, 0.18833170695777673, 0.21538114422280755, -0.21301431846211735, -0.2674513109579918, 0.07844336806858924, -0.29247204042814523, -0.26846566485543044, -0.9592406690111538, 1.263208720276937, 0.24141622759039966, 6.85466552092461, -11.892961329502404, -17.81611185461252, -0.6201083493008304, 1.4674319716279196, 0.24276869945365118, -2.7521453435544974, 1.1694866981516567, -1.659690703364926, -2.7521453435544974, -1.1694866981516567, -1.659690703364926, -3.444266712819899, -0.0, 1.8919540296445465, -15.156640980236938, -9.990824487203772, -1.547644073601893, -15.156640980236938, 9.990824487203772, -1.547644073601893, 58.08450600819895, 0.0, 17.73488061718006, -0.257984007915231, -0.24986917673572176, -0.13355659649608945, -0.257984007915231, 0.24986917673572176, -0.13355659649608945, 0.6941561838138522, -0.0, 1.2831576802598972, 0.06863794706001558, 0.2535884743596635, -0.11056457482081326, 0.06863794706001558, -0.2535884743596635, -0.11056457482081326, -19.129700151795575, -0.0, -14.001464964311555, 2.877030649644545, -0.4505208238388618, 2.1440589466113704, -2.877030649644545, -0.4505208238388618, -2.1440589466113704, -0.0, -2.3938295587914644, 0.0, -5.388742600165867, -6.112377084052122, 0.3676530039099519, 5.388742600165867, -6.112377084052122, -0.3676530039099519, 0.0, 19.339715158056837, 0.0, 0.24648799707759292, -0.03144497082059827, 0.06288994164119655, -0.24648799707759292, -0.03144497082059827, -0.06288994164119655, -0.0, -0.5382838015741125, -0.0, -1.0884017319516759, -0.4158850979498481, -0.41453262608659663, 1.0884017319516759, -0.4158850979498481, 0.41453262608659663, 0.0, -2.3850841308440884, 0.0, -2.6704446760189526, 0.3874945945971557, -4.037180128649282, -2.6704446760189526, -0.3874945945971557, -4.037180128649282, -1.8919540296445465, -0.0, -17.7103704169194, 0.445852214265402, 1.610670302843599, -3.2225077580805626, 0.445852214265402, -1.610670302843599, -3.2225077580805626, 17.73488061718006, 0.0, 49.96462680755914, -0.29281015839395813, -0.07810525010277636, -0.2688037828212433, -0.29281015839395813, 0.07810525010277636, -0.2688037828212433, -0.22924398082113578, 0.0, 0.1910366506842798, 1.577320310517107, -0.20287077948773077, 0.2400637557271481, 1.577320310517107, 0.20287077948773077, 0.2400637557271481, -13.729280001832182, 0.0, -17.860067190168195, -6.593638451317063, 7.243501181609428, -6.85466552092461, 0.06660923926513827, -0.25020729470153463, 0.9592406690111538, 0.06863794706001558, 1.0884017319516759, -1.577320310517107, -0.08892502500878867, -0.34792338682145835, 0.21538114422280755, -0.23025833471857446, -0.5321976781894805, 0.11394575447894213, -0.257984007915231, 0.24648799707759292, -0.29281015839395813, 6.650481952468928, -7.418711744403856, 7.4476072931251105, 0.03751523783132437, 0.14026585006385509, -0.03604597264210801, 0.1644597501796178, -0.2125536973733, 0.03761318884393879, 0.07032882705715639, -0.08159319350781515, 0.09628584539997874, 0.0866866461637652, 0.019296349485041518, -0.01763118227059631, 0.02350824302746175, 0.10833381995155288, -0.09432682514769025, 7.25195413075475, -15.006013440741633, 11.892961329502404, 1.0856967882251727, -0.4196043955737898, 1.263208720276937, -0.2535884743596635, -0.4158850979498481, -0.20287077948773077, 0.149448140889295, -0.19915148186378906, 0.21301431846211735, -0.5342263859843578, 0.38680695288994005, -0.1981371279663504, -0.24986917673572176, -0.03144497082059827, -0.07810525010277636, -7.418711744403856, 15.263510393680455, -12.909649609543232, -0.14026585006385509, 0.20981106902009608, -0.022626683913931932, 0.06621488452735058, 0.07943827123029781, 0.019590202522884792, 0.08159319350781515, 0.00793403202176834, 0.05338330187486105, 0.019296349485041518, 0.06405996224983326, 0.03046276492308585, -0.05465666503884857, 0.05446076301361971, -0.05661568529113704, -6.984164701830945, 12.106990001861961, -17.81611185461252, 0.30261557940253175, -0.301939343470906, 0.24141622759039966, 0.11056457482081326, -0.41453262608659663, 0.2400637557271481, 0.01217224676926385, 0.1477575510602306, -0.2674513109579918, -0.6437766069077324, 1.1151130512508935, 0.18833170695777673, -0.13355659649608945, 0.06288994164119655, -0.2688037828212433, 7.4476072931251105, -12.909649609543232, 17.381309237416914, -0.03604597264210801, 0.022626683913931932, 0.08609894008807865, -0.0017631182270596312, 0.042804592512503264, 0.08619689110069308, -0.09628584539997874, 0.05338330187486105, 0.013615190753404928, 0.01763118227059631, -0.03046276492308585, 0.09520838426122007, 0.002056971264902903, 0.11009693817861252, 0.013517239740790506, 0.06660923926513827, 0.25020729470153463, 0.9592406690111538, -6.593638451317063, -7.243501181609428, -6.85466552092461, 0.06863794706001558, -1.0884017319516759, -1.577320310517107, -0.23025833471857446, 0.5321976781894805, 0.11394575447894213, -0.08892502500878867, 0.34792338682145835, 0.21538114422280755, -0.257984007915231, -0.24648799707759292, -0.29281015839395813, 0.03751523783132437, -0.14026585006385509, -0.03604597264210801, 6.650481952468928, 7.418711744403856, 7.4476072931251105, 0.1644597501796178, 0.2125536973733, 0.03761318884393879, 0.0866866461637652, -0.019296349485041518, -0.01763118227059631, 0.07032882705715639, 0.08159319350781515, 0.09628584539997874, 0.02350824302746175, -0.10833381995155288, -0.09432682514769025, -1.0856967882251727, -0.4196043955737898, -1.263208720276937, -7.25195413075475, -15.006013440741633, -11.892961329502404, 0.2535884743596635, -0.4158850979498481, 0.20287077948773077, 0.5342263859843578, 0.38680695288994005, 0.1981371279663504, -0.149448140889295, -0.19915148186378906, -0.21301431846211735, 0.24986917673572176, -0.03144497082059827, 0.07810525010277636, 0.14026585006385509, 0.20981106902009608, 0.022626683913931932, 7.418711744403856, 15.263510393680455, 12.909649609543232, -0.06621488452735058, 0.07943827123029781, -0.019590202522884792, -0.019296349485041518, 0.06405996224983326, -0.03046276492308585, -0.08159319350781515, 0.00793403202176834, -0.05338330187486105, 0.05465666503884857, 0.05446076301361971, 0.05661568529113704, 0.30261557940253175, 0.301939343470906, 0.24141622759039966, -6.984164701830945, -12.106990001861961, -17.81611185461252, 0.11056457482081326, 0.41453262608659663, 0.2400637557271481, -0.6437766069077324, -1.1151130512508935, 0.18833170695777673, 0.01217224676926385, -0.1477575510602306, -0.2674513109579918, -0.13355659649608945, -0.06288994164119655, -0.2688037828212433, -0.03604597264210801, -0.022626683913931932, 0.08609894008807865, 7.4476072931251105, 12.909649609543232, 17.381309237416914, -0.0017631182270596312, -0.042804592512503264, 0.08619689110069308, 0.01763118227059631, 0.03046276492308585, 0.09520838426122007, -0.09628584539997874, -0.05338330187486105, 0.013615190753404928, 0.002056971264902903, -0.11009693817861252, 0.013517239740790506, -0.6600062692667509, -0.662373095027441, 0.6201083493008304, -0.6600062692667509, 0.662373095027441, 0.6201083493008304, -19.129700151795575, -0.0, 13.729280001832182, -0.08622008128228559, 0.15147684868417233, 0.07844336806858924, -0.08622008128228559, -0.15147684868417233, 0.07844336806858924, 0.6941561838138522, -0.0, -0.22924398082113578, 0.1644597501796178, 0.06621488452735058, -0.0017631182270596312, 0.1644597501796178, -0.06621488452735058, -0.0017631182270596312, 19.49215355925775, -0.0, -14.918331025227223, 0.02350824302746175, 0.05465666503884857, -0.002056971264902903, 0.02350824302746175, -0.05465666503884857, -0.002056971264902903, 0.05308944883701777, -0.0, 0.034674658465506075, 0.6748834597625177, 0.3066729949922864, -1.4674319716279196, -0.6748834597625177, 0.3066729949922864, 1.4674319716279196, -0.0, -2.3850841308440884, 0.0, -0.34521844309495525, -0.20219454355610503, 0.29247204042814523, 0.34521844309495525, -0.20219454355610503, -0.29247204042814523, -0.0, -0.5382838015741125, 0.0, -0.2125536973733, 0.07943827123029781, 0.042804592512503264, 0.2125536973733, 0.07943827123029781, -0.042804592512503264, -0.0, 2.3474939683172846, 0.0, -0.10833381995155288, 0.05446076301361971, 0.11009693817861252, 0.10833381995155288, 0.05446076301361971, -0.11009693817861252, -0.0, 0.09824486565226721, -0.0, -0.4165613338814739, -0.11090269278662618, 0.24276869945365118, -0.4165613338814739, 0.11090269278662618, 0.24276869945365118, 14.001464964311555, 0.0, -17.860067190168195, 0.12172246769263849, 0.08419137348740828, -0.26846566485543044, 0.12172246769263849, -0.08419137348740828, -0.26846566485543044, 1.2831576802598972, -0.0, 0.1910366506842798, 0.03761318884393879, 0.019590202522884792, 0.08619689110069308, 0.03761318884393879, -0.019590202522884792, 0.08619689110069308, -14.918331025227223, 0.0, 17.41794291613471, 0.09432682514769025, -0.05661568529113704, 0.013517239740790506, 0.09432682514769025, 0.05661568529113704, 0.013517239740790506, -0.034674658465506075, 0.0, 0.09599199236213547, -0.08892502500878867, 0.34792338682145835, -0.21538114422280755, -0.23025833471857446, 0.5321976781894805, -0.11394575447894213, -0.257984007915231, -0.24648799707759292, 0.29281015839395813, -6.593638451317063, -7.243501181609428, 6.85466552092461, 0.06660923926513827, 0.25020729470153463, -0.9592406690111538, 0.06863794706001558, -1.0884017319516759, 1.577320310517107, 0.07032882705715639, 0.08159319350781515, -0.09628584539997874, 0.0866866461637652, -0.019296349485041518, 0.01763118227059631, 0.02350824302746175, -0.10833381995155288, 0.09432682514769025, 6.650481952468928, 7.418711744403856, -7.4476072931251105, 0.03751523783132437, -0.14026585006385509, 0.03604597264210801, 0.1644597501796178, 0.2125536973733, -0.03761318884393879, -0.149448140889295, -0.19915148186378906, 0.21301431846211735, 0.5342263859843578, 0.38680695288994005, -0.1981371279663504, 0.24986917673572176, -0.03144497082059827, -0.07810525010277636, -7.25195413075475, -15.006013440741633, 11.892961329502404, -1.0856967882251727, -0.4196043955737898, 1.263208720276937, 0.2535884743596635, -0.4158850979498481, -0.20287077948773077, -0.08159319350781515, 0.00793403202176834, 0.05338330187486105, -0.019296349485041518, 0.06405996224983326, 0.03046276492308585, 0.05465666503884857, 0.05446076301361971, -0.05661568529113704, 7.418711744403856, 15.263510393680455, -12.909649609543232, 0.14026585006385509, 0.20981106902009608, -0.022626683913931932, -0.06621488452735058, 0.07943827123029781, 0.019590202522884792, -0.01217224676926385, 0.1477575510602306, -0.2674513109579918, 0.6437766069077324, 1.1151130512508935, 0.18833170695777673, 0.13355659649608945, 0.06288994164119655, -0.2688037828212433, 6.984164701830945, 12.106990001861961, -17.81611185461252, -0.30261557940253175, -0.301939343470906, 0.24141622759039966, -0.11056457482081326, -0.41453262608659663, 0.2400637557271481, 0.09628584539997874, 0.05338330187486105, 0.013615190753404928, -0.01763118227059631, -0.03046276492308585, 0.09520838426122007, -0.002056971264902903, 0.11009693817861252, 0.013517239740790506, -7.4476072931251105, -12.909649609543232, 17.381309237416914, 0.03604597264210801, 0.022626683913931932, 0.08609894008807865, 0.0017631182270596312, 0.042804592512503264, 0.08619689110069308, -0.23025833471857446, -0.5321976781894805, -0.11394575447894213, -0.08892502500878867, -0.34792338682145835, -0.21538114422280755, -0.257984007915231, 0.24648799707759292, 0.29281015839395813, 0.06660923926513827, -0.25020729470153463, -0.9592406690111538, -6.593638451317063, 7.243501181609428, 6.85466552092461, 0.06863794706001558, 1.0884017319516759, 1.577320310517107, 0.0866866461637652, 0.019296349485041518, 0.01763118227059631, 0.07032882705715639, -0.08159319350781515, -0.09628584539997874, 0.02350824302746175, 0.10833381995155288, 0.09432682514769025, 0.03751523783132437, 0.14026585006385509, 0.03604597264210801, 6.650481952468928, -7.418711744403856, -7.4476072931251105, 0.1644597501796178, -0.2125536973733, -0.03761318884393879, -0.5342263859843578, 0.38680695288994005, 0.1981371279663504, 0.149448140889295, -0.19915148186378906, -0.21301431846211735, -0.24986917673572176, -0.03144497082059827, 0.07810525010277636, 1.0856967882251727, -0.4196043955737898, -1.263208720276937, 7.25195413075475, -15.006013440741633, -11.892961329502404, -0.2535884743596635, -0.4158850979498481, 0.20287077948773077, 0.019296349485041518, 0.06405996224983326, -0.03046276492308585, 0.08159319350781515, 0.00793403202176834, -0.05338330187486105, -0.05465666503884857, 0.05446076301361971, 0.05661568529113704, -0.14026585006385509, 0.20981106902009608, 0.022626683913931932, -7.418711744403856, 15.263510393680455, 12.909649609543232, 0.06621488452735058, 0.07943827123029781, -0.019590202522884792, 0.6437766069077324, -1.1151130512508935, 0.18833170695777673, -0.01217224676926385, -0.1477575510602306, -0.2674513109579918, 0.13355659649608945, -0.06288994164119655, -0.2688037828212433, -0.30261557940253175, 0.301939343470906, 0.24141622759039966, 6.984164701830945, -12.106990001861961, -17.81611185461252, -0.11056457482081326, 0.41453262608659663, 0.2400637557271481, -0.01763118227059631, 0.03046276492308585, 0.09520838426122007, 0.09628584539997874, -0.05338330187486105, 0.013615190753404928, -0.002056971264902903, -0.11009693817861252, 0.013517239740790506, 0.03604597264210801, -0.022626683913931932, 0.08609894008807865, -7.4476072931251105, 12.909649609543232, 17.381309237416914, 0.0017631182270596312, -0.042804592512503264, 0.08619689110069308, -0.08622008128228559, -0.15147684868417233, -0.07844336806858924, -0.08622008128228559, 0.15147684868417233, -0.07844336806858924, 0.6941561838138522, -0.0, 0.22924398082113578, -0.6600062692667509, 0.662373095027441, -0.6201083493008304, -0.6600062692667509, -0.662373095027441, -0.6201083493008304, -19.129700151795575, 0.0, -13.729280001832182, 0.02350824302746175, -0.05465666503884857, 0.002056971264902903, 0.02350824302746175, 0.05465666503884857, 0.002056971264902903, 0.05308944883701777, -0.0, -0.034674658465506075, 0.1644597501796178, -0.06621488452735058, 0.0017631182270596312, 0.1644597501796178, 0.06621488452735058, 0.0017631182270596312, 19.49215355925775, 0.0, 14.918331025227223, 0.34521844309495525, -0.20219454355610503, 0.29247204042814523, -0.34521844309495525, -0.20219454355610503, -0.29247204042814523, 0.0, -0.5382838015741125, -0.0, -0.6748834597625177, 0.3066729949922864, -1.4674319716279196, 0.6748834597625177, 0.3066729949922864, 1.4674319716279196, -0.0, -2.3850841308440884, 0.0, 0.10833381995155288, 0.05446076301361971, 0.11009693817861252, -0.10833381995155288, 0.05446076301361971, -0.11009693817861252, -0.0, 0.09824486565226721, 0.0, 0.2125536973733, 0.07943827123029781, 0.042804592512503264, -0.2125536973733, 0.07943827123029781, -0.042804592512503264, 0.0, 2.3474939683172846, 0.0, -0.12172246769263849, 0.08419137348740828, -0.26846566485543044, -0.12172246769263849, -0.08419137348740828, -0.26846566485543044, -1.2831576802598972, -0.0, 0.1910366506842798, 0.4165613338814739, -0.11090269278662618, 0.24276869945365118, 0.4165613338814739, 0.11090269278662618, 0.24276869945365118, -14.001464964311555, 0.0, -17.860067190168195, -0.09432682514769025, -0.05661568529113704, 0.013517239740790506, -0.09432682514769025, 0.05661568529113704, 0.013517239740790506, 0.034674658465506075, -0.0, 0.09599199236213547, -0.03761318884393879, 0.019590202522884792, 0.08619689110069308, -0.03761318884393879, -0.019590202522884792, 0.08619689110069308, 14.918331025227223, 0.0, 17.41794291613471]]}, "indices": null, "__ase_objtype__": "vibrationsdata"}